Basic translog model
Number of obs          = 6573
Number of goods        = 14
Demographic method     = Translating
Number of demographics = 7
Log-likelihood         = 124232.0582
Converged              = True

------------------------------------------------------------------------------
             | Coefficient  Std. err.      z    P>|z|     [95% conf. interval]
-------------+----------------------------------------------------------------
alpha        |
     alpha_1 |  .09755482  .02048685     4.76   0.000    .05740133    .1377083
     alpha_2 |   .5113239  .04724032    10.82   0.000     .4187346    .6039133
     alpha_3 |  -.1078568  .02853208    -3.78   0.000    -.1637786   -.0519349
     alpha_4 |  -.0001177  .02054583    -0.01   0.995    -.0403868   .04015138
     alpha_5 |   .2053138  .05837499     3.52   0.000    .09090094    .3197267
     alpha_6 |  .03125779  .01053087     2.97   0.003    .01061767   .05189791
     alpha_7 |   .3237777  .03755576     8.62   0.000     .2501698    .3973856
     alpha_8 |   .0097073  .01207033     0.80   0.421    -.0139501   .03336472
     alpha_9 |  -.0272006  .02648487    -1.03   0.304      -.07911   .02470875
    alpha_10 |  .02257629  .03870501     0.58   0.560    -.0532841   .09843672
    alpha_11 |  .00948498  .00954712     0.99   0.320     -.009227   .02819698
    alpha_12 |   -.060812  .07497276    -0.81   0.417    -.2077559   .08613192
    alpha_13 |  .07947135  .01692253     4.70   0.000     .0463038    .1126389
    alpha_14 |  -.0944809  .03765852    -2.51   0.012    -.1682902   -.0206715
-------------+----------------------------------------------------------------
Gamma        |
   gamma_1_1 |  .01206962  .00727045     1.66   0.097    -.0021802   .02631945
   gamma_1_2 |  .02059134  .00872953     2.36   0.018    .00348177    .0377009
   gamma_1_3 |  .00339838  .00653981     0.52   0.603    -.0094194   .01621617
   gamma_1_4 |  -.0009766  .00468959    -0.21   0.835     -.010168   .00821481
   gamma_1_5 |  .01692292  .01205024     1.40   0.160    -.0066951   .04054095
   gamma_1_6 |  .00360943  .00210118     1.72   0.086    -.0005088   .00772767
   gamma_1_7 |  .00549447  .00644247     0.85   0.394    -.0071325   .01812147
   gamma_1_8 |  .00208734  .00280992     0.74   0.458      -.00342   .00759469
   gamma_1_9 |  -.0072148  .00621372    -1.16   0.246    -.0193934    .0049639
  gamma_1_10 |   -.001361     .00825    -0.16   0.869    -.0175307   .01480867
  gamma_1_11 |  -.0019406   .0023105    -0.84   0.401    -.0064691   .00258792
  gamma_1_12 |  -.0396079  .01490622    -2.66   0.008    -.0688235   -.0103922
  gamma_1_13 |  -.0164454  .00480959    -3.42   0.001     -.025872   -.0070187
  gamma_1_14 |  -.0105925  .00796956    -1.33   0.184    -.0262125   .00502758
   gamma_2_2 |  .05780823  .02528242     2.29   0.022    .00825559    .1073609
   gamma_2_3 |   -.002094  .01168157    -0.18   0.858    -.0249895   .02080141
   gamma_2_4 |  .00567599  .00924134     0.61   0.539    -.0124367   .02378869
   gamma_2_5 |  .05542271  .02296212     2.41   0.016    .01041778    .1004276
   gamma_2_6 |  .00369677  .00446286     0.83   0.407    -.0050503   .01244381
   gamma_2_7 |  .00708777  .01360324     0.52   0.602    -.0195741   .03374963
   gamma_2_8 |  -.0028562  .00616955    -0.46   0.643    -.0149483   .00923595
   gamma_2_9 |  .00905652  .01173921     0.77   0.440    -.0139519   .03206496
  gamma_2_10 |  -.0588162  .01786267    -3.29   0.001    -.0938264    -.023806
  gamma_2_11 |  .01078505  .00444128     2.43   0.015     .0020803   .01948981
  gamma_2_12 |  -.0439523   .0298024    -1.47   0.140    -.1023639   .01445931
  gamma_2_13 |  .00746631   .0078147     0.96   0.339    -.0078502   .02278283
  gamma_2_14 |  -.0237643  .01704745    -1.39   0.163    -.0571767    .0096481
   gamma_3_3 |   -.007898  .01174449    -0.67   0.501    -.0309168    .0151208
   gamma_3_4 |  .00583738  .00620051     0.94   0.346    -.0063154   .01799016
   gamma_3_5 |  -.0393095  .01516667    -2.59   0.010    -.0690356   -.0095834
   gamma_3_6 |   -.001856  .00283954    -0.65   0.513    -.0074214   .00370941
   gamma_3_7 |  -.0169827  .00857979    -1.98   0.048    -.0337988   -.0001666
   gamma_3_8 |  -.0017929  .00373511    -0.48   0.631    -.0091136    .0055278
   gamma_3_9 |  .00449752  .00807795     0.56   0.578     -.011335   .02033001
  gamma_3_10 |  .01592101  .01108979     1.44   0.151    -.0058146   .03765659
  gamma_3_11 |  -.0042528  .00309866    -1.37   0.170    -.0103261   .00182044
  gamma_3_12 |  .03155133  .01943472     1.62   0.104      -.00654   .06964269
  gamma_3_13 |  -.0187214   .0055757    -3.36   0.001    -.0296496   -.0077932
  gamma_3_14 |  -.0042261  .01071164    -0.39   0.693    -.0252205   .01676837
   gamma_4_4 |  .00061595  .00701404     0.09   0.930    -.0131313   .01436321
   gamma_4_5 |  .00655848  .01252247     0.52   0.600    -.0179851   .03110208
   gamma_4_6 |  -.0066097  .00251737    -2.63   0.009    -.0115436   -.0016758
   gamma_4_7 |  .00183927  .00678035     0.27   0.786      -.01145   .01512851
   gamma_4_8 |  .00344547  .00294749     1.17   0.242    -.0023315   .00922244
   gamma_4_9 |  .00671968  .00619451     1.08   0.278    -.0054213    .0188607
  gamma_4_10 |  -.0073861  .00938127    -0.79   0.431     -.025773   .01100089
  gamma_4_11 |  -.0004734    .002388    -0.20   0.843    -.0051538   .00420703
  gamma_4_12 |  -.0098497  .01531668    -0.64   0.520    -.0398699   .02017043
  gamma_4_13 |  -.0058933  .00381042    -1.55   0.122    -.0133616   .00157494
  gamma_4_14 |  -.0088511  .00861081    -1.03   0.304    -.0257279    .0080258
   gamma_5_5 |  .05268675  .04616311     1.14   0.254    -.0377913    .1431648
   gamma_5_6 |  .01174762  .00717192     1.64   0.101    -.0023091   .02580432
   gamma_5_7 |   .0184053  .01763187     1.04   0.297    -.0161525   .05296314
   gamma_5_8 |   -.008287  .00735665    -1.13   0.260    -.0227057   .00613179
   gamma_5_9 |  -.0023777  .01528254    -0.16   0.876    -.0323309   .02757555
  gamma_5_10 |  .05336437  .02452049     2.18   0.030    .00530509    .1014236
  gamma_5_11 |  -.0054027  .00550637    -0.98   0.327     -.016195   .00538958
  gamma_5_12 |  -.1062807  .04154578    -2.56   0.011    -.1877089   -.0248524
  gamma_5_13 |  -.0027495  .00968518    -0.28   0.776    -.0217321   .01623312
  gamma_5_14 |  -.0780317  .02209526    -3.53   0.000    -.1213377   -.0347258
   gamma_6_6 |  .00802963  .00285271     2.81   0.005    .00243842   .01362084
   gamma_6_7 |  .00180114  .00337719     0.53   0.594     -.004818    .0084203
   gamma_6_8 |  .00008663  .00142483     0.06   0.952     -.002706   .00287924
   gamma_6_9 |  .00180583  .00297703     0.61   0.544     -.004029   .00764069
  gamma_6_10 |  .00195483  .00523074     0.37   0.709    -.0082972   .01220688
  gamma_6_11 |  6.032e-06  .00107086     0.01   0.996    -.0020928   .00210488
  gamma_6_12 |  -.0172617  .00785162    -2.20   0.028    -.0326506   -.0018728
  gamma_6_13 |  -.0013202  .00158568    -0.83   0.405     -.004428   .00178772
  gamma_6_14 |  -.0066283  .00413185    -1.60   0.109    -.0147266   .00146997
   gamma_7_7 |  .05867972  .01412121     4.16   0.000    .03100267   .08635678
   gamma_7_8 |   .0003205  .00408806     0.08   0.938    -.0076919   .00833294
   gamma_7_9 |  -.0170539  .00862977    -1.98   0.048     -.033968   -.0001399
  gamma_7_10 |  -.0148813    .013119    -1.13   0.257     -.040594   .01083151
  gamma_7_11 |  .00590801  .00324781     1.82   0.069    -.0004576   .01227361
  gamma_7_12 |  .00403468  .02209625     0.18   0.855    -.0392732   .04734253
  gamma_7_13 |  -.0002694  .00541904    -0.05   0.960    -.0108905   .01035176
  gamma_7_14 |  -.0173537  .01198757    -1.45   0.148    -.0408489   .00614151
   gamma_8_8 |  .00587035  .00255426     2.30   0.022     .0008641    .0108766
   gamma_8_9 |  .00228082  .00369595     0.62   0.537    -.0049631   .00952475
  gamma_8_10 |  .00335806   .0055852     0.60   0.548    -.0075887   .01430486
  gamma_8_11 |  .00012182  .00139491     0.09   0.930    -.0026122   .00285578
  gamma_8_12 |  -.0074132  .00952386    -0.78   0.436    -.0260796   .01125325
  gamma_8_13 |  .00149254   .0023982     0.62   0.534    -.0032078   .00619291
  gamma_8_14 |   -.002744  .00518183    -0.53   0.596    -.0129002   .00741219
   gamma_9_9 |  -.0038839  .01106576    -0.35   0.726    -.0255724    .0178046
  gamma_9_10 |  .04679003  .01287902     3.63   0.000    .02154761   .07203245
  gamma_9_11 |  .00051268  .00303253     0.17   0.866     -.005431   .00645633
  gamma_9_12 |  -.0762558  .02009532    -3.79   0.000    -.1156419   -.0368696
  gamma_9_13 |  .00055058  .00514016     0.11   0.915     -.009524   .01062511
  gamma_9_14 |  .01584396  .01086371     1.46   0.145    -.0054485   .03713643
 gamma_10_10 |   .0085328  .02575349     0.33   0.740    -.0419431   .05900871
 gamma_10_11 |  .00196612  .00420022     0.47   0.640    -.0062662    .0101984
 gamma_10_12 |  -.1008968  .03070542    -3.29   0.001    -.1610784   -.0407153
 gamma_10_13 |   -.018991  .00676595    -2.81   0.005     -.032252   -.0057299
 gamma_10_14 |  .05453993  .01627275     3.35   0.001    .02264593   .08643394
 gamma_11_11 |  -.0024428  .00172028    -1.42   0.156    -.0058145   .00092884
 gamma_11_12 |  -.0089455  .00710589    -1.26   0.208    -.0228728   .00498178
 gamma_11_13 |  -.0027251  .00198385    -1.37   0.170    -.0066134   .00116318
 gamma_11_14 |  .00129795  .00404885     0.32   0.749    -.0066377   .00923356
 gamma_12_12 |   .2453367  .06664116     3.68   0.000     .1147224     .375951
 gamma_12_13 |  .04942938  .01232463     4.01   0.000    .02527354   .07358521
 gamma_12_14 |  -.0056852  .02660904    -0.21   0.831     -.057838   .04646752
 gamma_13_13 |  -.0060877  .00593461    -1.03   0.305    -.0177193   .00554389
 gamma_13_14 |  .00962266  .00667331     1.44   0.149    -.0034568   .02270211
 gamma_14_14 |   .0540457  .02118289     2.55   0.011      .012528   .09556341
-------------+----------------------------------------------------------------
Nu           |
nu_npersonas_1 |  .00800826  .00730568     1.10   0.273    -.0063106   .02232714
nu_npersonas_2 |   .1362999  .00935823    14.56   0.000     .1179581    .1546417
nu_npersonas_3 |  -.0038174  .00177908    -2.15   0.032    -.0073043   -.0003305
nu_npersonas_4 |   -.002384   .0012822    -1.86   0.063    -.0048971   .00012907
nu_npersonas_5 |  -.0191739  .01121305    -1.71   0.087    -.0411511   .00280326
nu_npersonas_6 |  -.0009625  .00100331    -0.96   0.337     -.002929    .0010039
nu_npersonas_7 |   .3712435  .02197455    16.89   0.000     .3281742    .4143128
nu_npersonas_8 |  .00029127  .00210773     0.14   0.890    -.0038398   .00442235
nu_npersonas_9 |  .00072396  .00213108     0.34   0.734    -.0034529    .0049008
nu_npersonas_10 |  .00157249  .00222648     0.71   0.480    -.0027913    .0059363
nu_npersonas_11 |  -.0007012   .0004275    -1.64   0.101    -.0015391   .00013669
nu_npersonas_12 |  .01165103  .00587395     1.98   0.047     .0001383   .02316376
nu_npersonas_13 |    .000569   .0045843     0.12   0.901    -.0084161   .00955407
nu_npersonas_14 |  .00671354  .00405943     1.65   0.098    -.0012428   .01466988
   nu_edad_1 |  -.0024954  .00054287    -4.60   0.000    -.0035594   -.0014314
   nu_edad_2 |  -.0030296  .00075124    -4.03   0.000     -.004502   -.0015572
   nu_edad_3 |   -.000325  .00012134    -2.68   0.007    -.0005628   -.0000872
   nu_edad_4 |  .00004139  .00008479     0.49   0.625    -.0001248   .00020757
   nu_edad_5 |  .00545848  .00081698     6.68   0.000    .00385724   .00705973
   nu_edad_6 |  -.0002117  .00007287    -2.91   0.004    -.0003545   -.0000689
   nu_edad_7 |  -.0039561  .00173935    -2.27   0.023    -.0073652   -.0005471
   nu_edad_8 |  -.0005826  .00012909    -4.51   0.000    -.0008356   -.0003296
   nu_edad_9 |  -.0002651  .00014334    -1.85   0.064    -.0005461   .00001584
  nu_edad_10 |  -.0011511  .00015103    -7.62   0.000    -.0014471   -.0008551
  nu_edad_11 |  -.0000676   .0000276    -2.45   0.014    -.0001217   -.0000135
  nu_edad_12 |   -.001561  .00041891    -3.73   0.000     -.002382   -.0007399
  nu_edad_13 |  .00003581  .00038071     0.09   0.925    -.0007104   .00078199
  nu_edad_14 |  -.0009309  .00028525    -3.26   0.001    -.0014899   -.0003718
    nu_Sex_1 |   -.035124  .01574914    -2.23   0.026    -.0659918   -.0042563
    nu_Sex_2 |  .08415207  .02459603     3.42   0.001    .03594473    .1323594
    nu_Sex_3 |  .02154369  .00332888     6.47   0.000    .01501921   .02806817
    nu_Sex_4 |   .0023651  .00226557     1.04   0.297    -.0020753   .00680552
    nu_Sex_5 |  -.0521861  .02309236    -2.26   0.024    -.0974463   -.0069259
    nu_Sex_6 |  -.0011063  .00200643    -0.55   0.581    -.0050389    .0028262
    nu_Sex_7 |    .274944  .05491487     5.01   0.000     .1673128    .3825752
    nu_Sex_8 |  .00981545  .00378231     2.60   0.009    .00240226   .01722864
    nu_Sex_9 |  .00497753  .00380441     1.31   0.191     -.002479   .01243403
   nu_Sex_10 |   -.003239  .00409004    -0.79   0.428    -.0112553   .00477736
   nu_Sex_11 |  .00039071  .00076995     0.51   0.612    -.0011184   .00189979
   nu_Sex_12 |  .04363408  .01175149     3.71   0.000    .02060159   .06666656
   nu_Sex_13 |  -.0124863  .01075562    -1.16   0.246    -.0335669   .00859435
   nu_Sex_14 |  .02656144  .00800257     3.32   0.001    .01087669   .04224619
nu_prim_comp_1 |  -.1123933    .021985    -5.11   0.000    -.1554831   -.0693035
nu_prim_comp_2 |  -.2109546  .03327486    -6.34   0.000    -.2761722   -.1457371
nu_prim_comp_3 |  -.0094831  .00513926    -1.85   0.065    -.0195558    .0005897
nu_prim_comp_4 |  -.0032247   .0035833    -0.90   0.368    -.0102478   .00379844
nu_prim_comp_5 |    .044634  .03393951     1.32   0.188    -.0218862    .1111542
nu_prim_comp_6 |  -.0032134  .00303729    -1.06   0.290    -.0091664   .00273959
nu_prim_comp_7 |  -.4157606   .0741459    -5.61   0.000    -.5610839   -.2704373
nu_prim_comp_8 |  -.0397226  .00560549    -7.09   0.000    -.0507092    -.028736
nu_prim_comp_9 |  -.0121581  .00595007    -2.04   0.041      -.02382   -.0004962
nu_prim_comp_10 |  -.0253767  .00630269    -4.03   0.000    -.0377298   -.0130237
nu_prim_comp_11 |  -.0019337  .00119942    -1.61   0.107    -.0042846   .00041708
nu_prim_comp_12 |  -.0880438  .01739879    -5.06   0.000    -.1221448   -.0539428
nu_prim_comp_13 |  -.0628715  .01455655    -4.32   0.000    -.0914019   -.0343412
nu_prim_comp_14 |  -.0448266  .01190357    -3.77   0.000    -.0681572    -.021496
nu_sec_comp_1 |  -.2475579   .0398264    -6.22   0.000    -.3256163   -.1694996
nu_sec_comp_2 |  -.6794954  .06345385   -10.71   0.000    -.8038627   -.5551281
nu_sec_comp_3 |  -.0111772  .00830396    -1.35   0.178    -.0274526    .0050983
nu_sec_comp_4 |  -.0021077  .00543211    -0.39   0.698    -.0127544   .00853908
nu_sec_comp_5 |  -.0535442  .06125945    -0.87   0.382    -.1736106   .06652209
nu_sec_comp_6 |  -.0186436  .00466256    -4.00   0.000     -.027782   -.0095051
nu_sec_comp_7 |  -.9091223   .1209303    -7.52   0.000    -1.146141   -.6721032
nu_sec_comp_8 |  -.0781321  .00911266    -8.57   0.000    -.0959926   -.0602716
nu_sec_comp_9 |   -.031204  .00983716    -3.17   0.002    -.0504845   -.0119236
nu_sec_comp_10 |  -.0685284  .01107403    -6.19   0.000    -.0902331   -.0468237
nu_sec_comp_11 |  -.0006452    .001762    -0.37   0.714    -.0040986   .00280826
nu_sec_comp_12 |  -.2663837   .0345417    -7.71   0.000    -.3340842   -.1986832
nu_sec_comp_13 |  -.0766569  .02472326    -3.10   0.002    -.1251136   -.0282002
nu_sec_comp_14 |  -.1201947  .02190646    -5.49   0.000    -.1631306   -.0772588
nu_sup_comp_1 |  -.2650733  .04636926    -5.72   0.000    -.3559554   -.1741912
nu_sup_comp_2 |  -.5282906  .07513559    -7.03   0.000    -.6755536   -.3810275
nu_sup_comp_3 |  .00457627  .00797623     0.57   0.566    -.0110569    .0202094
nu_sup_comp_4 |   -.006686  .00535248    -1.25   0.212    -.0171767    .0038047
nu_sup_comp_5 |  -.0864454  .06614554    -1.31   0.191    -.2160883   .04319747
nu_sup_comp_6 |  -.0149274     .00462    -3.23   0.001    -.0239825   -.0058724
nu_sup_comp_7 |  -1.252373   .1653131    -7.58   0.000    -1.576381   -.9283656
nu_sup_comp_8 |  -.0620769  .00850591    -7.30   0.000    -.0787482   -.0454056
nu_sup_comp_9 |  -.0391449   .0105138    -3.72   0.000    -.0597516   -.0185382
nu_sup_comp_10 |  -.0644252  .01108498    -5.81   0.000    -.0861514    -.042699
nu_sup_comp_11 |  -.0035234  .00177975    -1.98   0.048    -.0070117   -.0000352
nu_sup_comp_12 |  -.1665611  .03109375    -5.36   0.000    -.2275038   -.1056185
nu_sup_comp_13 |  -.2280269  .03738832    -6.10   0.000    -.3013067   -.1547472
nu_sup_comp_14 |  -.1112691  .02239222    -4.97   0.000     -.155157   -.0673811
nu_log_ing_1 |   .0215404  .00388296     5.55   0.000    .01392995   .02915086
nu_log_ing_2 |  -.0210097  .00529127    -3.97   0.000    -.0313804    -.010639
nu_log_ing_3 |  .00181421  .00085243     2.13   0.033    .00014348   .00348494
nu_log_ing_4 |  .00037585  .00057914     0.65   0.516    -.0007592   .00151095
nu_log_ing_5 |  -.0129496  .00537673    -2.41   0.016    -.0234878   -.0024114
nu_log_ing_6 |   .0014623  .00047555     3.07   0.002    .00053023   .00239436
nu_log_ing_7 |  -.0825957  .01305458    -6.33   0.000    -.1081822   -.0570092
nu_log_ing_8 |  .00334585  .00090171     3.71   0.000    .00157853   .00511316
nu_log_ing_9 |  .00151696   .0009644     1.57   0.116    -.0003732   .00340714
nu_log_ing_10 |  .00616052  .00100939     6.10   0.000    .00418215   .00813888
nu_log_ing_11 |  .00057041  .00019479     2.93   0.003    .00018862    .0009522
nu_log_ing_12 |  .00706173  .00285475     2.47   0.013    .00146652   .01265693
nu_log_ing_13 |   .0054779  .00244907     2.24   0.025    .00067781   .01027799
nu_log_ing_14 |  .00069586  .00188452     0.37   0.712    -.0029977   .00438945
------------------------------------------------------------------------------

Expenditure (income) elasticities, at means
--------------------------------------------
  w1_red        1.044838
  w2_red        0.725268
  w3_red        1.278757
  w4_red        1.310359
  w5_red        1.042388
  w6_red        1.059957
  w7_red        0.370746
  w8_red        1.064877
  w9_red        1.117072
  w10_red       1.088083
  w11_red       1.371670
  w12_red       1.181574
  w13_red       0.923266
  w14_red       1.089438

Uncompensated (Marshallian) price elasticities [row = good, column = price]
---------------------------------------------------------------------------
               w1_red      w2_red      w3_red      w4_red      w5_red      w6_red      w7_red      w8_red      w9_red     w10_red     w11_red     w12_red     w13_red     w14_red
  w1_red      -0.867166    0.229455    0.066940   -0.004783    0.228816    0.045339    0.042414    0.029975   -0.073326   -0.000945   -0.019507   -0.416291   -0.196752   -0.109006
  w2_red       0.096507   -0.856255    0.018516    0.030621    0.247827    0.016037    0.001685   -0.007551    0.052465   -0.224594    0.048441   -0.107877    0.035213   -0.076305
  w3_red       0.057473   -0.045641   -1.036378    0.084086   -0.501884   -0.023567   -0.247340   -0.019382    0.073974    0.226791   -0.052420    0.484208   -0.243139   -0.035537
  w4_red      -0.036619    0.268793    0.319453   -0.956198    0.352746   -0.333917    0.070125    0.179187    0.355489   -0.358150   -0.019835   -0.430802   -0.293333   -0.427300
  w5_red       0.133391    0.373849   -0.256542    0.053866   -0.600909    0.084976    0.107356   -0.054970   -0.002192    0.396795   -0.034430   -0.691703   -0.014654   -0.537220
  w6_red       0.617118    0.594274   -0.284445   -1.098554    1.987531    0.282385    0.275451    0.018971    0.317896    0.343324    0.005466   -2.816255   -0.215652   -1.087467
  w7_red       0.095032    0.074069   -0.228336    0.035360    0.300215    0.028082   -0.214021    0.008549   -0.242189   -0.210693    0.093784    0.131795    0.000233   -0.242628
  w8_red       0.097964   -0.140244   -0.046808    0.147447   -0.315003    0.004584   -0.012835   -0.817242    0.108388    0.152677    0.009398   -0.229224    0.065901   -0.089881
  w9_red      -0.087848    0.104421    0.087236    0.100727   -0.012423    0.026212   -0.261952    0.036172   -1.049632    0.667903    0.011380   -0.993859    0.012821    0.241770
  w10_red     -0.003697   -0.748535    0.221970   -0.083681    0.679331    0.025159   -0.208931    0.045864    0.592319   -0.929290    0.028641   -1.172204   -0.228838    0.693807
  w11_red     -0.173462    1.018080   -0.385182   -0.038543   -0.498768    0.001686    0.544768    0.016333    0.064205    0.205307   -1.225053   -0.790885   -0.256375    0.146218
  w12_red     -0.137017   -0.187432    0.143847   -0.030180   -0.381385   -0.064251   -0.008846   -0.023583   -0.273433   -0.365754   -0.029604   -0.015918    0.192282   -0.000300
  w13_red     -0.175078    0.060633   -0.188149   -0.060046   -0.010385   -0.014061   -0.028345    0.021212    0.021335   -0.201294   -0.026791    0.632764   -1.085290    0.130227
  w14_red     -0.084751   -0.242336   -0.013583   -0.074367   -0.698476   -0.060085   -0.185241   -0.020873    0.161560    0.519124    0.016329    0.018259    0.093970   -0.518967

Compensated (Hicksian) price elasticities [row = good, column = price]
----------------------------------------------------------------------
               w1_red      w2_red      w3_red      w4_red      w5_red      w6_red      w7_red      w8_red      w9_red     w10_red     w11_red     w12_red     w13_red     w14_red
  w1_red      -0.800782    0.429347    0.128373    0.011294    0.342824    0.050209    0.096349    0.050026   -0.014861    0.065161   -0.011027   -0.200944   -0.125301   -0.020669
  w2_red       0.142588   -0.717501    0.061160    0.041781    0.326966    0.019418    0.039124    0.006368    0.093048   -0.178707    0.054328    0.041605    0.084810   -0.014987
  w3_red       0.138719    0.199002   -0.961191    0.103762   -0.362351   -0.017607   -0.181330    0.005158    0.145528    0.307698   -0.042041    0.747768   -0.155692    0.072576
  w4_red       0.046636    0.519483    0.396498   -0.936035    0.495727   -0.327810    0.137767    0.204334    0.428811   -0.275244   -0.009198   -0.160729   -0.203725   -0.316515
  w5_red       0.199620    0.573271   -0.195253    0.069905   -0.487168    0.089834    0.161165   -0.034966    0.056136    0.462746   -0.025969   -0.476860    0.056629   -0.449090
  w6_red       0.684463    0.797058   -0.222123   -1.082245    2.103189    0.287326    0.330167    0.039313    0.377207    0.410387    0.014070   -2.597792   -0.143168   -0.997852
  w7_red       0.118588    0.144997   -0.206537    0.041065    0.340669    0.029810   -0.194882    0.015664   -0.221443   -0.187236    0.096793    0.208208    0.025587   -0.211283
  w8_red       0.165622    0.063481    0.015804    0.163832   -0.198808    0.009547    0.042135   -0.796806    0.167975    0.220051    0.018042   -0.009746    0.138722    0.000150
  w9_red      -0.016874    0.318132    0.152916    0.117916    0.109467    0.031418   -0.204287    0.057609   -0.987126    0.738580    0.020447   -0.763623    0.089211    0.336213
  w10_red      0.065435   -0.540370    0.285946   -0.066938    0.798058    0.030231   -0.152763    0.066746    0.653204   -0.860447    0.037473   -0.947943   -0.154430    0.785800
  w11_red     -0.086311    1.280499   -0.304532   -0.017437   -0.349097    0.008079    0.615575    0.042657    0.140959    0.292092   -1.213920   -0.508175   -0.162574    0.262187
  w12_red     -0.061944    0.038619    0.213319   -0.011999   -0.252457   -0.058744    0.052147   -0.000908   -0.207317   -0.290996   -0.020013    0.227612    0.273083    0.099597
  w13_red     -0.116417    0.237266   -0.133864   -0.045839    0.090358   -0.009757    0.019314    0.038930    0.072998   -0.142879   -0.019297    0.823055   -1.022153    0.208285
  w14_red     -0.015533   -0.033912    0.050473   -0.057604   -0.579601   -0.055008   -0.129003    0.000034    0.222521    0.588052    0.025171    0.242799    0.168470   -0.426860
