Basic translog model with Shonkwiler-Yen correction
Number of obs          = 6573
Number of goods        = 14
Demographic method     = Translating
Number of demographics = 7
Latent adding-up       = False
Starting values        = nested
Scaled gradient        = 2.609957e-17
Log-likelihood         = 147656.9976
Converged              = True
Bootstrap replications = 3/3

------------------------------------------------------------------------------
             |   Observed   Bootstrap                         Normal-based
             | coefficient  std. err.      z    P>|z|     [95% conf. interval]
-------------+----------------------------------------------------------------
alpha        |
     alpha_1 |   .2103129  .03980862     5.28   0.000     .1322894    .2883364
     alpha_2 |    .981304   .3127609     3.14   0.002     .3683038    1.594304
     alpha_3 |  -.3200991   .1641279    -1.95   0.051    -.6417838   .00158559
     alpha_4 |   -.066503  .05233848    -1.27   0.204    -.1690846   .03607851
     alpha_5 |   .1949171  .08773863     2.22   0.026    .02295258    .3668817
     alpha_6 |  -.1229193  .09806398    -1.25   0.210    -.3151211    .0692826
     alpha_7 |    .387518   .1986222     1.95   0.051    -.0017743    .7768103
     alpha_8 |   .2215939  .05298989     4.18   0.000     .1177356    .3254522
     alpha_9 |  -.4085416   .1389004    -2.94   0.003    -.6807814   -.1363017
    alpha_10 |  -.0468929  .06855436    -0.68   0.494     -.181257   .08747116
    alpha_11 |  -.1680835  .07400559    -2.27   0.023    -.3131318   -.0230352
    alpha_12 |   -.208529   .2919508    -0.71   0.475     -.780742     .363684
    alpha_13 |     .68048  .05575762    12.20   0.000     .5711971    .7897629
    alpha_14 |  -.4095333  .07558689    -5.42   0.000    -.5576809   -.2613857
-------------+----------------------------------------------------------------
Gamma        |
   gamma_1_1 |  -.0024796  .01915968    -0.13   0.897    -.0400319   .03507269
   gamma_1_2 |   .1082041  .03049751     3.55   0.000    .04843009    .1679781
   gamma_1_3 |   -.027807   .0140805    -1.97   0.048    -.0554043   -.0002097
   gamma_1_4 |  .00346238  .03159842     0.11   0.913    -.0584694   .06539414
   gamma_1_5 |  -.0325128  .01347461    -2.41   0.016    -.0589226   -.0061031
   gamma_1_6 |  -.0040446  .01728012    -0.23   0.815     -.037913   .02982384
   gamma_1_7 |  .02168658  .03355261     0.65   0.518    -.0440753   .08744849
   gamma_1_8 |  -.0004942    .012173    -0.04   0.968    -.0243528   .02336445
   gamma_1_9 |  -.0266535  .01246387    -2.14   0.032    -.0510823   -.0022248
  gamma_1_10 |  .01346172  .03762445     0.36   0.720    -.0602808   .08720428
  gamma_1_11 |  -.0071339  .02229731    -0.32   0.749    -.0508358   .03656804
  gamma_1_12 |  -.0477199  .01863544    -2.56   0.010    -.0842446   -.0111951
  gamma_1_13 |  .05674219  .00436016    13.01   0.000    .04819642   .06528795
  gamma_1_14 |  -.0414005  .00714637    -5.79   0.000    -.0554071   -.0273939
   gamma_2_2 |   .1523486   .0599802     2.54   0.011    .03478953    .2699076
   gamma_2_3 |  -.0847678  .03222063    -2.63   0.009     -.147919   -.0216165
   gamma_2_4 |  -.0386139  .04826595    -0.80   0.424    -.1332134    .0559856
   gamma_2_5 |   .3009629   .1505534     2.00   0.046    .00588372     .596042
   gamma_2_6 |  -.0527523  .08077464    -0.65   0.514    -.2110677    .1055631
   gamma_2_7 |  -.0670847  .06799457    -0.99   0.324    -.2003516   .06618221
   gamma_2_8 |   .0195132  .02703738     0.72   0.470    -.0334791   .07250549
   gamma_2_9 |  -.0972038  .09402156    -1.03   0.301    -.2814826   .08707511
  gamma_2_10 |  -.1029331  .03779018    -2.72   0.006    -.1770005   -.0288657
  gamma_2_11 |  .00418152  .01932663     0.22   0.829     -.033698   .04206102
  gamma_2_12 |  -.2350346   .1351747    -1.74   0.082    -.4999722   .02990305
  gamma_2_13 |   .1066532  .02400184     4.44   0.000     .0596105     .153696
  gamma_2_14 |  .04181497  .07715271     0.54   0.588    -.1094016    .1930315
   gamma_3_3 |  .04092597  .04921297     0.83   0.406    -.0555297    .1373816
   gamma_3_4 |   -.008526  .05284195    -0.16   0.872    -.1120943   .09504228
   gamma_3_5 |  -.0073484  .00499471    -1.47   0.141    -.0171378   .00244109
   gamma_3_6 |  .05421042  .01531272     3.54   0.000    .02419804   .08422281
   gamma_3_7 |  -.0675117  .01862702    -3.62   0.000      -.10402   -.0310034
   gamma_3_8 |   -.002055  .00963563    -0.21   0.831    -.0209405   .01683048
   gamma_3_9 |  -.0082464  .04149319    -0.20   0.842    -.0895716   .07307871
  gamma_3_10 |  -.0334954   .0723012    -0.46   0.643    -.1752032    .1082123
  gamma_3_11 |  .01225292  .01465325     0.84   0.403    -.0164669   .04097276
  gamma_3_12 |   .1347505  .03615977     3.73   0.000     .0638786    .2056223
  gamma_3_13 |  -.0588775  .01375746    -4.28   0.000    -.0858416   -.0319133
  gamma_3_14 |   -.001463  .02617179    -0.06   0.955    -.0527588   .04983277
   gamma_4_4 |  -.0548814  .02321071    -2.36   0.018    -.1003736   -.0093893
   gamma_4_5 |  .05871747  .02125085     2.76   0.006    .01706657    .1003684
   gamma_4_6 |  -.0534464  .02193778    -2.44   0.015    -.0964437   -.0104492
   gamma_4_7 |  -.0214109    .014012    -1.53   0.127    -.0488739   .00605207
   gamma_4_8 |  -.0051087  .01318957    -0.39   0.699    -.0309598   .02074236
   gamma_4_9 |  .03109919  .03639219     0.85   0.393    -.0402282    .1024266
  gamma_4_10 |  .06020818  .04859831     1.24   0.215    -.0350428    .1554591
  gamma_4_11 |  .05186112  .01288182     4.03   0.000    .02661321   .07710903
  gamma_4_12 |  .01376308   .0405344     0.34   0.734    -.0656829   .09320904
  gamma_4_13 |  -.0013478  .01106535    -0.12   0.903    -.0230355   .02033986
  gamma_4_14 |  -.0267675  .02841874    -0.94   0.346    -.0824672   .02893222
   gamma_5_5 |  -.1797013   .1583933    -1.13   0.257    -.4901463    .1307438
   gamma_5_6 |  .00124582  .06069501     0.02   0.984    -.1177142    .1202059
   gamma_5_7 |   .2059339  .07332046     2.81   0.005    .06222839    .3496393
   gamma_5_8 |  -.0109948  .05125606    -0.21   0.830    -.1114548   .08946524
   gamma_5_9 |  -.0966822  .04183007    -2.31   0.021    -.1786676   -.0146968
  gamma_5_10 |  .00895947   .0515468     0.17   0.862    -.0920704    .1099893
  gamma_5_11 |  -.0482353  .02857986    -1.69   0.091    -.1042508    .0077802
  gamma_5_12 |   -.087895   .2027633    -0.43   0.665    -.4853037    .3095138
  gamma_5_13 |  .02444122  .03799483     0.64   0.520    -.0500273   .09890972
  gamma_5_14 |  -.2322512   .1353842    -1.72   0.086    -.4975994   .03309707
   gamma_6_6 |  .03007876  .04125012     0.73   0.466      -.05077    .1109275
   gamma_6_7 |  -.0429136  .06463451    -0.66   0.507    -.1695949   .08376775
   gamma_6_8 |  -.0057126  .00805266    -0.71   0.478    -.0214955   .01007033
   gamma_6_9 |  -.0284177  .04043162    -0.70   0.482    -.1076622   .05082686
  gamma_6_10 |  .09459124  .05894871     1.60   0.109    -.0209461    .2101286
  gamma_6_11 |  .00742158  .00126518     5.87   0.000    .00494186   .00990129
  gamma_6_12 |  .04028632   .1042837     0.39   0.699    -.1641059    .2446785
  gamma_6_13 |  -.0158457  .01335205    -1.19   0.235    -.0420153    .0103238
  gamma_6_14 |  -.0035414   .0570628    -0.06   0.951    -.1153825    .1082996
   gamma_7_7 |  -.0936617  .08196866    -1.14   0.253    -.2543173   .06699396
   gamma_7_8 |  .03623608    .013275     2.73   0.006    .01021755    .0622546
   gamma_7_9 |   -.023844  .01063607    -2.24   0.025    -.0446904   -.0029977
  gamma_7_10 |   -.053004  .03828712    -1.38   0.166    -.1280454   .02203738
  gamma_7_11 |  .00441286  .01438731     0.31   0.759    -.0237858   .03261148
  gamma_7_12 |   .1053245  .08422907     1.25   0.211    -.0597614    .2704104
  gamma_7_13 |  .05186759  .01364595     3.80   0.000    .02512202   .07861315
  gamma_7_14 |  .02185815  .06662609     0.33   0.743    -.1087266    .1524429
   gamma_8_8 |   .0151274  .00984979     1.54   0.125    -.0041778   .03443264
   gamma_8_9 |  .02120984  .01999108     1.06   0.289     -.017972   .06039163
  gamma_8_10 |  -.0170408  .00397866    -4.28   0.000    -.0248389   -.0092428
  gamma_8_11 |  .00185882  .00956533     0.19   0.846    -.0168889   .02060651
  gamma_8_12 |   -.013518  .01934071    -0.70   0.485    -.0514251   .02438908
  gamma_8_13 |  .01800447  .01283286     1.40   0.161    -.0071475   .04315643
  gamma_8_14 |   -.035711  .01065785    -3.35   0.001    -.0566001    -.014822
   gamma_9_9 |  .01959421   .0286676     0.68   0.494    -.0365933   .07578168
  gamma_9_10 |  .02136154  .06936158     0.31   0.758    -.1145847    .1573077
  gamma_9_11 |  -.0126613  .01714912    -0.74   0.460    -.0462729   .02095035
  gamma_9_12 |  .07859243  .06026541     1.30   0.192    -.0395256    .1967105
  gamma_9_13 |   -.030106  .00746546    -4.03   0.000     -.044738    -.015474
  gamma_9_14 |  .07886313  .03079451     2.56   0.010      .018507    .1392193
 gamma_10_10 |   .1085418  .05651391     1.92   0.055    -.0022235     .219307
 gamma_10_11 |  .00736378  .01147184     0.64   0.521    -.0151206   .02984817
 gamma_10_12 |   -.204593  .09348112    -2.19   0.029    -.3878126   -.0213733
 gamma_10_13 |  -.0029841  .02690048    -0.11   0.912    -.0557081   .04973985
 gamma_10_14 |  .08395071  .05319034     1.58   0.114    -.0203004    .1882019
 gamma_11_11 |  -.0576106  .02083064    -2.77   0.006    -.0984379   -.0167833
 gamma_11_12 |  -.0243204  .02688478    -0.90   0.366    -.0770136   .02837277
 gamma_11_13 |  -.0245326  .01387945    -1.77   0.077    -.0517358   .00267062
 gamma_11_14 |  .03228558  .03013359     1.07   0.284    -.0267752   .09134632
 gamma_12_12 |    .169293   .3313409     0.51   0.609    -.4801233    .8187093
 gamma_12_13 |   -.127227   .0212368    -5.99   0.000    -.1688504   -.0856037
 gamma_12_14 |  .03680898  .03879928     0.95   0.343    -.0392362    .1128542
 gamma_13_13 |  .08278866  .02118306     3.91   0.000    .04127061    .1243067
 gamma_13_14 |  -.0240054  .04350556    -0.55   0.581    -.1092747   .06126395
 gamma_14_14 |  -.0004838  .09357329    -0.01   0.996    -.1838841    .1829165
-------------+----------------------------------------------------------------
Nu           |
nu_npersonas_1 |  -.0292458  .07933541    -0.37   0.712    -.1847404    .1262487
nu_npersonas_2 |  -.0026873  .05829081    -0.05   0.963    -.1169352    .1115606
nu_npersonas_3 |   .0232707  .02032345     1.15   0.252    -.0165625   .06310393
nu_npersonas_4 |   -.006131  .01787412    -0.34   0.732    -.0411636   .02890164
nu_npersonas_5 |  -.0579725   .0861379    -0.67   0.501    -.2267997    .1108547
nu_npersonas_6 |  .04047927  .05431043     0.75   0.456    -.0659672    .1469258
nu_npersonas_7 |  -.1174826   .0699788    -1.68   0.093    -.2546385   .01967334
nu_npersonas_8 |    -.04991  .01358093    -3.68   0.000    -.0765281   -.0232918
nu_npersonas_9 |   .0091825  .03188638     0.29   0.773    -.0533137   .07167866
nu_npersonas_10 |  -.0130754  .04114295    -0.32   0.751    -.0937141   .06756331
nu_npersonas_11 |  -.0031742  .00164047    -1.93   0.053    -.0063894   .00004108
nu_npersonas_12 |  .05125722  .02948873     1.74   0.082    -.0065396    .1090541
nu_npersonas_13 |  -.0435694  .02050934    -2.12   0.034     -.083767   -.0033719
nu_npersonas_14 |  .04605292  .04394396     1.05   0.295    -.0400757    .1321815
   nu_edad_1 |  -.0038301  .00465225    -0.82   0.410    -.0129483   .00528818
   nu_edad_2 |  .00294669  .01161691     0.25   0.800     -.019822   .02571542
   nu_edad_3 |   .0020956  .00068779     3.05   0.002    .00074755   .00344364
   nu_edad_4 |  -.0013256   .0002086    -6.35   0.000    -.0017345   -.0009168
   nu_edad_5 |   -.000603  .00349314    -0.17   0.863    -.0074495    .0062434
   nu_edad_6 |  -.0018083  .00289624    -0.62   0.532    -.0074848   .00386826
   nu_edad_7 |  .00144473  .01012618     0.14   0.887    -.0184022   .02129168
   nu_edad_8 |  -.0036073   .0008976    -4.02   0.000    -.0053666    -.001848
   nu_edad_9 |  .00247528  .00125814     1.97   0.049    9.372e-06    .0049412
  nu_edad_10 |  -.0029262   .0028157    -1.04   0.299    -.0084449   .00259243
  nu_edad_11 |  -.0000624  .00028856    -0.22   0.829     -.000628   .00050315
  nu_edad_12 |  .00995999  .00336636     2.96   0.003    .00336205   .01655793
  nu_edad_13 |  -.0020602  .00607994    -0.34   0.735    -.0139767   .00985625
  nu_edad_14 |  .00377105  .00235575     1.60   0.109    -.0008461   .00838824
    nu_Sex_1 |   -.014001   .0948563    -0.15   0.883    -.1999159     .171914
    nu_Sex_2 |  -.1109716  .09197847    -1.21   0.228    -.2912461   .06930288
    nu_Sex_3 |  -.0148168  .01666692    -0.89   0.374    -.0474834   .01784976
    nu_Sex_4 |  -.0246952  .04472035    -0.55   0.581    -.1123455   .06295506
    nu_Sex_5 |  -.2250919   .1192117    -1.89   0.059    -.4587425   .00855876
    nu_Sex_6 |  -.0015885  .09173737    -0.02   0.986    -.1813904    .1782135
    nu_Sex_7 |  -.6956932   .9550672    -0.73   0.466     -2.56759    1.176204
    nu_Sex_8 |  -.0267559  .03428723    -0.78   0.435    -.0939576   .04044588
    nu_Sex_9 |  .04354378  .02736266     1.59   0.112    -.0100861   .09717361
   nu_Sex_10 |  .02780338  .05062495     0.55   0.583    -.0714197    .1270265
   nu_Sex_11 |  .00446623  .00634427     0.70   0.481    -.0079683   .01690077
   nu_Sex_12 |  .03944915  .03912935     1.01   0.313     -.037243    .1161413
   nu_Sex_13 |  -.0726042  .05881321    -1.23   0.217    -.1878759    .0426676
   nu_Sex_14 |   .0861303  .04657833     1.85   0.064    -.0051616    .1774222
nu_prim_comp_1 |  -.1657443  .01303147   -12.72   0.000    -.1912855    -.140203
nu_prim_comp_2 |   .1672249   .1031074     1.62   0.105    -.0348619    .3693117
nu_prim_comp_3 |  .00164511  .03617822     0.05   0.964    -.0692629   .07255311
nu_prim_comp_4 |  .02656238  .03927539     0.68   0.499     -.050416    .1035407
nu_prim_comp_5 |  .09056404   .2304843     0.39   0.694    -.3611769     .542305
nu_prim_comp_6 |   .0388003   .1570303     0.25   0.805    -.2689735    .3465741
nu_prim_comp_7 |   .2183307   .2723716     0.80   0.423    -.3155077    .7521692
nu_prim_comp_8 |  -.0190713  .03809117    -0.50   0.617    -.0937287   .05558598
nu_prim_comp_9 |  -.0194097  .02055518    -0.94   0.345    -.0596972   .02087767
nu_prim_comp_10 |   .0307995  .03071891     1.00   0.316    -.0294085   .09100746
nu_prim_comp_11 |  .01592006  .00574635     2.77   0.006    .00465742   .02718269
nu_prim_comp_12 |  .07844239   .1239702     0.63   0.527    -.1645348    .3214196
nu_prim_comp_13 |  .02025186  .05797928     0.35   0.727    -.0933854    .1338891
nu_prim_comp_14 |   .0004167  .05919495     0.01   0.994    -.1156033    .1164367
nu_sec_comp_1 |  .02731432   .1283533     0.21   0.831    -.2242535    .2788821
nu_sec_comp_2 |  -.2845907  .01508358   -18.87   0.000     -.314154   -.2550274
nu_sec_comp_3 |   -.071439  .03322219    -2.15   0.032    -.1365533   -.0063247
nu_sec_comp_4 |  .01730065  .06117891     0.28   0.777    -.1026078    .1372091
nu_sec_comp_5 |  -.1799169   .2550142    -0.71   0.480    -.6797355    .3199018
nu_sec_comp_6 |  -.0743637   .3083823    -0.24   0.809     -.678782    .5300545
nu_sec_comp_7 |   .7661826   .3996926     1.92   0.055    -.0172005    1.549566
nu_sec_comp_8 |  -.0347325  .02719464    -1.28   0.202     -.088033   .01856805
nu_sec_comp_9 |  .05087676  .02885523     1.76   0.078    -.0056785     .107432
nu_sec_comp_10 |  -.0367308  .05857798    -0.63   0.531    -.1515416   .07807988
nu_sec_comp_11 |  .01157492  .01023497     1.13   0.258    -.0084853    .0316351
nu_sec_comp_12 |  -.1895469   .1132211    -1.67   0.094    -.4114562   .03236248
nu_sec_comp_13 |   .2247532  .07960698     2.82   0.005    .06872639      .38078
nu_sec_comp_14 |  -.0295662  .09947793    -0.30   0.766    -.2245394     .165407
nu_sup_comp_1 |   .2078832  .04327932     4.80   0.000     .1230573    .2927091
nu_sup_comp_2 |   .1377723   .1672771     0.82   0.410    -.1900848    .4656294
nu_sup_comp_3 |  -.0408703   .1036622    -0.39   0.693    -.2440444    .1623039
nu_sup_comp_4 |  .00115225  .08862714     0.01   0.990    -.1725537    .1748582
nu_sup_comp_5 |   .3835884   .2166889     1.77   0.077     -.041114    .8082908
nu_sup_comp_6 |  -.1932145   .2426974    -0.80   0.426    -.6688927    .2824637
nu_sup_comp_7 |   1.128985   .4749654     2.38   0.017     .1980695      2.0599
nu_sup_comp_8 |   .1281514  .06932275     1.85   0.065    -.0077187    .2640215
nu_sup_comp_9 |    .245353  .05956362     4.12   0.000     .1286104    .3620955
nu_sup_comp_10 |  .02297566   .1395628     0.16   0.869    -.2505624    .2965138
nu_sup_comp_11 |  .00202624  .01994825     0.10   0.919    -.0370716    .0411241
nu_sup_comp_12 |  .00965738   .2379533     0.04   0.968    -.4567225    .4760373
nu_sup_comp_13 |  .00033346   .1528558     0.00   0.998    -.2992585    .2999254
nu_sup_comp_14 |  -.1608406   .1119061    -1.44   0.151    -.3801726   .05849135
nu_log_ing_1 |  .05939528  .01514158     3.92   0.000    .02971833   .08907223
nu_log_ing_2 |  -.0311886  .04818445    -0.65   0.517    -.1256284   .06325117
nu_log_ing_3 |   .0021291  .01490107     0.14   0.886    -.0270765   .03133467
nu_log_ing_4 |  -.0033945  .01079538    -0.31   0.753    -.0245531   .01776402
nu_log_ing_5 |   .2029235  .05685062     3.57   0.000     .0914983    .3143487
nu_log_ing_6 |  -.0379274  .02717385    -1.40   0.163    -.0911871   .01533238
nu_log_ing_7 |  .07935652   .1319003     0.60   0.547    -.1791633    .3378763
nu_log_ing_8 |  .02847642  .00784632     3.63   0.000    .01309792   .04385493
nu_log_ing_9 |  -.0272615  .02497459    -1.09   0.275    -.0762108   .02168776
nu_log_ing_10 |  .00363667  .02040955     0.18   0.859    -.0363653   .04363866
nu_log_ing_11 |  .00058308  .00216118     0.27   0.787    -.0036527   .00481891
nu_log_ing_12 |  -.0724927  .02635358    -2.75   0.006    -.1241448   -.0208407
nu_log_ing_13 |   .0226539  .02069638     1.09   0.274    -.0179103   .06321806
nu_log_ing_14 |   -.048172  .01784579    -2.70   0.007    -.0831491   -.0131949
-------------+----------------------------------------------------------------
delta        |
     delta_1 |  .06755984  .01960771     3.45   0.001    .02912944    .1059903
     delta_2 |   .4247574  .04196187    10.12   0.000     .3425137    .5070012
     delta_3 |  .00147664  .02805016     0.05   0.958    -.0535007   .05645395
     delta_4 |   .0722048  .00904627     7.98   0.000    .05447444   .08993516
     delta_5 |   .1330791  .01545619     8.61   0.000     .1027855    .1633726
     delta_6 |  .04209519  .02631661     1.60   0.110    -.0094844   .09367481
     delta_7 |   -.015875  .01258512    -1.26   0.207    -.0405414   .00879135
     delta_8 |  -.0756551  .01369797    -5.52   0.000    -.1025026   -.0488076
     delta_9 |   .1518391   .0465011     3.27   0.001    .06069859    .2429796
    delta_10 |  .04214191  .00653748     6.45   0.000    .02932868   .05495515
    delta_11 |  .02697417  .00249963    10.79   0.000    .02207498   .03187336
    delta_12 |   .1778867  .02678223     6.64   0.000     .1253945    .2303789
    delta_13 |  -.0845543  .03603373    -2.35   0.019    -.1551791   -.0139295
    delta_14 |   .1865413  .04366053     4.27   0.000     .1009683    .2721144
-------------+----------------------------------------------------------------
tau          |
        p1_1 |  -.1305611  .02073658    -6.30   0.000    -.1712041   -.0899182
        p2_1 |  -.0710263   .2097289    -0.34   0.735    -.4820874    .3400348
        p3_1 |   .3157774   .3672871     0.86   0.390    -.4040921    1.035647
        p4_1 |   .2361816   .1189985     1.98   0.047    .00294878    .4694144
        p5_1 |  -1.821883   .4074223    -4.47   0.000    -2.620416    -1.02335
        p6_1 |  -.0355198   .2385082    -0.15   0.882    -.5029873    .4319477
        p7_1 |   .1093416    .324298     0.34   0.736    -.5262707     .744954
        p8_1 |  .08889245   .1448984     0.61   0.540    -.1951032    .3728882
        p9_1 |  -.4892822   .0832557    -5.88   0.000    -.6524603    -.326104
       p10_1 |    .452309   .3657589     1.24   0.216    -.2645653    1.169183
       p11_1 |  -.1571154  .04627154    -3.40   0.001     -.247806   -.0664249
       p12_1 |   1.065701   .7064601     1.51   0.131    -.3189352    2.450337
       p13_1 |  .03308216   .1822749     0.18   0.856      -.32417    .3903343
       p14_1 |  -.0051591  .04322102    -0.12   0.905    -.0898708   .07955251
         M_1 |   .6983371  .01087833    64.20   0.000     .6770159    .7196582
 npersonas_1 |  -.0190893  .02582829    -0.74   0.460    -.0697118   .03153326
      edad_1 |  -.0127297  .00124021   -10.26   0.000    -.0151605    -.010299
       Sex_1 |  -.0147138  .03641877    -0.40   0.686    -.0860933    .0566657
 prim_comp_1 |  -.0031323  .06683626    -0.05   0.963     -.134129    .1278643
  sec_comp_1 |  -.0611836  .06904738    -0.89   0.376     -.196514   .07414677
  sup_comp_1 |  -.0807886  .06983267    -1.16   0.247    -.2176581   .05608097
   log_ing_1 |  .04665901  .00413268    11.29   0.000    .03855911   .05475891
      cons_1 |  -4.626919   4.968602    -0.93   0.352     -14.3652    5.111363
        p1_2 |  .04257935  .06391625     0.67   0.505    -.0826942    .1678529
        p2_2 |   2.159499   .7006395     3.08   0.002     .7862706    3.532727
        p3_2 |    .700303   .3395296     2.06   0.039    .03483715    1.365769
        p4_2 |   .3380522     .24338     1.39   0.165    -.1389637    .8150682
        p5_2 |  -3.068004   .8972732    -3.42   0.001    -4.826627    -1.30938
        p6_2 |   .2533537    .492531     0.51   0.607    -.7119892    1.218697
        p7_2 |   1.557587   .6399244     2.43   0.015     .3033583    2.811816
        p8_2 |  -.3470657   .3737038    -0.93   0.353    -1.079512    .3853802
        p9_2 |  -.9528529   .7380095    -1.29   0.197    -2.399325    .4936191
       p10_2 |  -1.495116   .3936955    -3.80   0.000    -2.266745   -.7234868
       p11_2 |  -.0666245   .1483915    -0.45   0.653    -.3574664    .2242175
       p12_2 |   1.543786     1.8639     0.83   0.408    -2.109392    5.196963
       p13_2 |   .6645948   .1956867     3.40   0.001     .2810559    1.048134
       p14_2 |    .211801   .4170646     0.51   0.612    -.6056306    1.029233
         M_2 |   .8446476  .02202574    38.35   0.000     .8014779    .8878172
 npersonas_2 |   .1146398  .01740544     6.59   0.000     .0805258    .1487539
      edad_2 |  .00408352  .00203057     2.01   0.044    .00010368   .00806335
       Sex_2 |   .1281414   .1654091     0.77   0.439    -.1960544    .4523372
 prim_comp_2 |  .05066456  .05661399     0.89   0.371    -.0602968    .1616259
  sec_comp_2 |  -.3260205    .154518    -2.11   0.035    -.6288703   -.0231708
  sup_comp_2 |  -.4038006  .09978688    -4.05   0.000    -.5993792   -.2082219
   log_ing_2 |  -.1435162  .09788786    -1.47   0.143    -.3353729   .04834043
      cons_2 |  -11.65694   4.747333    -2.46   0.014    -20.96155    -2.35234
        p1_3 |    .176543   .2330785     0.76   0.449    -.2802825    .6333686
        p2_3 |  -.3986874   .2306879    -1.73   0.084    -.8508273   .05345251
        p3_3 |   .1507652   .3374061     0.45   0.655    -.5105385     .812069
        p4_3 |   .1631587   .2009993     0.81   0.417    -.2307926    .5571101
        p5_3 |  -.1015568   1.081205    -0.09   0.925    -2.220679    2.017566
        p6_3 |  .07445778   .1545399     0.48   0.630    -.2284348    .3773503
        p7_3 |  -.7669513   .5210328    -1.47   0.141    -1.788157    .2542542
        p8_3 |   -.116305   .1460534    -0.80   0.426    -.4025644    .1699544
        p9_3 |  -.5175492   .5108295    -1.01   0.311    -1.518757    .4836582
       p10_3 |   1.148505   .7734761     1.48   0.138    -.3674803     2.66449
       p11_3 |  .03644215  .02677915     1.36   0.174     -.016044   .08892832
       p12_3 |   .4064894    .525344     0.77   0.439    -.6231659    1.436145
       p13_3 |  -.0131712   .1600482    -0.08   0.934    -.3268598    .3005175
       p14_3 |    .180752   .5288172     0.34   0.732    -.8557107    1.217215
         M_3 |    .696854  .04729133    14.74   0.000     .6041647    .7895433
 npersonas_3 |  .02909879  .01224097     2.38   0.017    .00510692   .05309066
      edad_3 |    -.00916  .00186974    -4.90   0.000    -.0128246   -.0054954
       Sex_3 |   .1892799  .03356825     5.64   0.000     .1234873    .2550725
 prim_comp_3 |  .00729624  .05694221     0.13   0.898    -.1043084    .1189009
  sec_comp_3 |   .1289152  .03681554     3.50   0.000    .05675808    .2010724
  sup_comp_3 |   .2091613   .1080837     1.94   0.053    -.0026789    .4210014
   log_ing_3 |  .05070606  .02429558     2.09   0.037    .00308759   .09832452
      cons_3 |  -11.05438   2.837557    -3.90   0.000    -16.61589   -5.492868
        p1_4 |  -.4503486   .2918762    -1.54   0.123    -1.022416    .1217183
        p2_4 |  -.2847602   .2774933    -1.03   0.305     -.828637    .2591167
        p3_4 |   .6768566   .2313458     2.93   0.003     .2234271    1.130286
        p4_4 |   .1333647   .2671672     0.50   0.618    -.3902733    .6570027
        p5_4 |  -1.994269   .5332153    -3.74   0.000    -3.039352   -.9491861
        p6_4 |  -.0100226   .3941946    -0.03   0.980    -.7826298    .7625846
        p7_4 |  -.3920964  .09212346    -4.26   0.000    -.5726551   -.2115377
        p8_4 |  .00269668    .173969     0.02   0.988    -.3382762    .3436696
        p9_4 |   .1346126   .3272633     0.41   0.681    -.5068117    .7760368
       p10_4 |  -.7311213   .6836166    -1.07   0.285    -2.070985    .6087427
       p11_4 |  .05151892    .127683     0.40   0.687    -.1987352     .301773
       p12_4 |   2.478372    .955309     2.59   0.009     .6060003    4.350743
       p13_4 |   .3348911   .1193132     2.81   0.005     .1010416    .5687406
       p14_4 |   .8070265   .1101769     7.32   0.000     .5910837    1.022969
         M_4 |    .610541  .01727057    35.35   0.000     .5766913    .6443907
 npersonas_4 |  -.0536785  .00802404    -6.69   0.000    -.0694053   -.0379517
      edad_4 |  .00356685  .00163239     2.19   0.029    .00036742   .00676628
       Sex_4 |  .03134601  .04137825     0.76   0.449    -.0497539    .1124459
 prim_comp_4 |  .03108793  .06777489     0.46   0.646    -.1017484    .1639243
  sec_comp_4 |  .08934097  .03076306     2.90   0.004    .02904649    .1496355
  sup_comp_4 |   .2275404  .01567794    14.51   0.000     .1968122    .2582686
   log_ing_4 |  -.0220507  .00713572    -3.09   0.002    -.0360365    -.008065
      cons_4 |  -14.57016    1.78039    -8.18   0.000    -18.05967   -11.08066
        p1_5 |   .1954955  .08198595     2.38   0.017    .03480597     .356185
        p2_5 |   .1034565   .3167211     0.33   0.744    -.5173055    .7242185
        p3_5 |  .01591967   .4268513     0.04   0.970    -.8206936    .8525329
        p4_5 |  -.1642456   .2535643    -0.65   0.517    -.6612224    .3327313
        p5_5 |   .1283277   1.170297     0.11   0.913    -2.165412    2.422067
        p6_5 |   .2280453   .5725894     0.40   0.690    -.8942093      1.3503
        p7_5 |   .6097704   .2146949     2.84   0.005     .1889761    1.030565
        p8_5 |  -.1390149   .2055278    -0.68   0.499     -.541842    .2638122
        p9_5 |   .3788195   .3480168     1.09   0.276     -.303281     1.06092
       p10_5 |  -.4054049   1.045092    -0.39   0.698    -2.453747    1.642938
       p11_5 |  -.0207173  .02131192    -0.97   0.331    -.0624879   .02105332
       p12_5 |  .01205225   .7250793     0.02   0.987    -1.409077    1.433182
       p13_5 |  -.2200831   .3219268    -0.68   0.494    -.8510481    .4108819
       p14_5 |  -.5271508   .3880782    -1.36   0.174     -1.28777    .2334685
         M_5 |    .841784  .04796991    17.55   0.000     .7477647    .9358033
 npersonas_5 |  -.0210248  .03104268    -0.68   0.498    -.0818673   .03981774
      edad_5 |  .00954586  .00101369     9.42   0.000    .00755906   .01153266
       Sex_5 |  .07446976  .05633945     1.32   0.186    -.0359535     .184893
 prim_comp_5 |  .07522158  .07680608     0.98   0.327    -.0753156    .2257587
  sec_comp_5 |  .09394113  .04205872     2.23   0.026    .01150755    .1763747
  sup_comp_5 |   .1472037   .1229681     1.20   0.231    -.0938093    .3882166
   log_ing_5 |  -.0619452   .0513035    -1.21   0.227    -.1624982   .03860781
      cons_5 |  -5.558817   4.360361    -1.27   0.202    -14.10497    2.987334
        p1_6 |   .2726755   .3641927     0.75   0.454     -.441129    .9864801
        p2_6 |    .538856   .2531975     2.13   0.033    .04259813    1.035114
        p3_6 |   .5454135   .3803996     1.43   0.152     -.200156    1.290983
        p4_6 |   -.786165   .3751717    -2.10   0.036    -1.521488   -.0508421
        p5_6 |  -.0544541   1.128376    -0.05   0.962     -2.26603    2.157122
        p6_6 |    .376021   .3688437     1.02   0.308    -.3468993    1.098941
        p7_6 |   .2531881    .267558     0.95   0.344     -.271216    .7775922
        p8_6 |  -.1602548   .1587091    -1.01   0.313    -.4713188    .1508093
        p9_6 |   .1633559   .3760745     0.43   0.664    -.5737366    .9004484
       p10_6 |  .00947497   .4969869     0.02   0.985    -.9646014    .9835514
       p11_6 |   .1703947  .07664725     2.22   0.026    .02016887    .3206206
       p12_6 |  -.4036051   .1867238    -2.16   0.031    -.7695771   -.0376332
       p13_6 |   .1121466   .2253294     0.50   0.619     -.329491    .5537841
       p14_6 |  -.4795755   .2580106    -1.86   0.063     -.985267   .02611609
         M_6 |   .5784043  .04889427    11.83   0.000     .4825733    .6742353
 npersonas_6 |  .02975063  .01372585     2.17   0.030    .00284846   .05665281
      edad_6 |  -.0004464  .00096735    -0.46   0.644    -.0023423   .00144958
       Sex_6 |  .08007148  .05604647     1.43   0.153    -.0297776    .1899205
 prim_comp_6 |  .06706625  .07099752     0.94   0.345    -.0720863    .2062188
  sec_comp_6 |  -.0718401   .1228921    -0.58   0.559    -.3127041     .169024
  sup_comp_6 |  -.1253318  .07393754    -1.70   0.090    -.2702467   .01958315
   log_ing_6 |  -.0933081  .02183145    -4.27   0.000    -.1360969   -.0505192
      cons_6 |  -7.722632   1.128834    -6.84   0.000    -9.935105   -5.510159
        p1_7 |  -.4512308  .07795472    -5.79   0.000    -.6040193   -.2984424
        p2_7 |  -.2266237   .2626306    -0.86   0.388    -.7413703    .2881228
        p3_7 |   .6167235   .1827922     3.37   0.001     .2584573    .9749898
        p4_7 |   .2126102   .2265392     0.94   0.348    -.2313985    .6566189
        p5_7 |  -.9898078   .2112847    -4.68   0.000    -1.403918   -.5756973
        p6_7 |  -.0679733   .2144332    -0.32   0.751    -.4882547    .3523082
        p7_7 |  -.0583461    .223742    -0.26   0.794    -.4968723    .3801802
        p8_7 |  -.0743431  .06223662    -1.19   0.232    -.1963246   .04763847
        p9_7 |  -.0189943   .1991856    -0.10   0.924    -.4093909    .3714022
       p10_7 |  .09376465   .1274224     0.74   0.462    -.1559786    .3435079
       p11_7 |  -.0005297  .05208312    -0.01   0.992    -.1026108    .1015513
       p12_7 |  -.4994887   .4434445    -1.13   0.260    -1.368624    .3696466
       p13_7 |   -.238272   .1043344    -2.28   0.022    -.4427637   -.0337803
       p14_7 |  .01703345   .3654248     0.05   0.963    -.6991859    .7332528
         M_7 |   .3142735   .0109776    28.63   0.000     .2927578    .3357892
 npersonas_7 |   .2196233  .01576809    13.93   0.000     .1887184    .2505282
      edad_7 |  .00692931  .00063752    10.87   0.000    .00567979   .00817883
       Sex_7 |   .2153117  .00173309   124.24   0.000     .2119149    .2187085
 prim_comp_7 |  -.0144963  .04697061    -0.31   0.758     -.106557   .07756443
  sec_comp_7 |  -.0642808  .04123779    -1.56   0.119    -.1451054   .01654379
  sup_comp_7 |  -.2563285  .04453399    -5.76   0.000    -.3436136   -.1690435
   log_ing_7 |  -.0507613  .01726188    -2.94   0.003     -.084594   -.0169287
      cons_7 |   6.049214   2.992996     2.02   0.043     .1830492    11.91538
        p1_8 |  -.0576477   .1892288    -0.30   0.761    -.4285294     .313234
        p2_8 |   .1006612   .3027345     0.33   0.740    -.4926874    .6940099
        p3_8 |    .360076   .1250354     2.88   0.004     .1150112    .6051408
        p4_8 |   .1360729   .3631643     0.37   0.708     -.575716    .8478618
        p5_8 |  -.1313487   .7462072    -0.18   0.860    -1.593888    1.331191
        p6_8 |   .1669715   .2279382     0.73   0.464    -.2797793    .6137222
        p7_8 |  -.0235379   .3599942    -0.07   0.948    -.7291135    .6820378
        p8_8 |  .00350191   .1109699     0.03   0.975    -.2139952     .220999
        p9_8 |  -.4585421   .1064404    -4.31   0.000    -.6671615   -.2499226
       p10_8 |  -.0027585   .2971542    -0.01   0.993      -.58517     .579653
       p11_8 |   -.044065  .06686638    -0.66   0.510    -.1751207   .08699072
       p12_8 |   1.311028   .6832769     1.92   0.055    -.0281705    2.650226
       p13_8 |  .06899649   .1770087     0.39   0.697    -.2779342    .4159272
       p14_8 |  -.5393609   .3604167    -1.50   0.135    -1.245765     .167043
         M_8 |   .4848176  .01150503    42.14   0.000     .4622682    .5073671
 npersonas_8 |  .02446377  .01361953     1.80   0.072      -.00223   .05115755
      edad_8 |  .00026205  .00162449     0.16   0.872    -.0029219     .003446
       Sex_8 |  .02168701  .04820644     0.45   0.653    -.0727959    .1161699
 prim_comp_8 |  .06116033  .03646565     1.68   0.094     -.010311    .1326317
  sec_comp_8 |  -.0324834  .04211611    -0.77   0.441    -.1150295   .05006262
  sup_comp_8 |  -.1682541  .07658936    -2.20   0.028    -.3183665   -.0181417
   log_ing_8 |  -.0965508  .01088201    -8.87   0.000    -.1178791   -.0752225
      cons_8 |  -8.626516   2.133943    -4.04   0.000    -12.80897   -4.444065
        p1_9 |  -.3988597   .1258891    -3.17   0.002    -.6455979   -.1521215
        p2_9 |   .1201976   .4673226     0.26   0.797    -.7957379    1.036133
        p3_9 |   .4847599   .1343658     3.61   0.000     .2214077    .7481121
        p4_9 |   .5044613   .2188596     2.30   0.021    .07550446    .9334182
        p5_9 |  -1.637576   .3938509    -4.16   0.000    -2.409509   -.8656422
        p6_9 |   .3629123   .2374392     1.53   0.126      -.10246    .8282847
        p7_9 |  -.0196039   .3210067    -0.06   0.951    -.6487654    .6095576
        p8_9 |  -.2160197   .2626892    -0.82   0.411    -.7308812    .2988417
        p9_9 |   -.116629    .118652    -0.98   0.326    -.3491827    .1159246
       p10_9 |    .258941   .1856337     1.39   0.163    -.1048945    .6227764
       p11_9 |  -.0422421  .06119909    -0.69   0.490    -.1621901    .0777059
       p12_9 |  .06028613   .4455288     0.14   0.892    -.8129343    .9335065
       p13_9 |   .2793443  .05823987     4.80   0.000     .1651962    .3934923
       p14_9 |   .9037377   .3238747     2.79   0.005     .2689549    1.538521
         M_9 |    .791329  .05323879    14.86   0.000     .6869829    .8956751
 npersonas_9 |  -.0454608  .03553257    -1.28   0.201    -.1151033   .02418178
      edad_9 |  -.0029864  .00182903    -1.63   0.103    -.0065712   .00059842
       Sex_9 |   .1522153  .00705124    21.59   0.000     .1383951    .1660355
 prim_comp_9 |    .117518  .04129192     2.85   0.004     .0365873    .1984486
  sec_comp_9 |   .2562291  .06414816     3.99   0.000      .130501    .3819571
  sup_comp_9 |   .4258977  .08946306     4.76   0.000     .2505533    .6012421
   log_ing_9 |  .05059691  .02185039     2.32   0.021    .00777094   .09342289
      cons_9 |   -12.7006   1.532556    -8.29   0.000    -15.70435   -9.696842
       p1_10 |    -.33193  .09445788    -3.51   0.000    -.5170641    -.146796
       p2_10 |  -.1162644   .2972778    -0.39   0.696    -.6989181    .4663894
       p3_10 |   .8102831   .1661775     4.88   0.000     .4845812    1.135985
       p4_10 |   .4622202   .1843357     2.51   0.012     .1009288    .8235116
       p5_10 |  -1.336131   .6054767    -2.21   0.027    -2.522843   -.1494182
       p6_10 |  -.0184109   .2816881    -0.07   0.948    -.5705094    .5336876
       p7_10 |   .2600534   .3479539     0.75   0.455    -.4219237    .9420306
       p8_10 |  -.1156444  .08372702    -1.38   0.167    -.2797464   .04845752
       p9_10 |   .3314861   .3948182     0.84   0.401    -.4423435    1.105316
      p10_10 |   -.703887    1.03918    -0.68   0.498    -2.740642    1.332867
      p11_10 |  -.0321245  .01063957    -3.02   0.003    -.0529777   -.0112713
      p12_10 |    .327802   .9774949     0.34   0.737    -1.588053    2.243657
      p13_10 |  .08259063   .1463301     0.56   0.572     -.204211    .3693923
      p14_10 |   1.206415   .2696938     4.47   0.000     .6778251    1.735005
        M_10 |   .7248381  .05922829    12.24   0.000     .6087528    .8409234
npersonas_10 |  -.0143847  .00182851    -7.87   0.000    -.0179686   -.0108009
     edad_10 |  -.0089542   .0011208    -7.99   0.000    -.0111509   -.0067575
      Sex_10 |  -.0853486  .03583039    -2.38   0.017    -.1555749   -.0151224
prim_comp_10 |   .1356271  .03289435     4.12   0.000     .0711554    .2000989
 sec_comp_10 |   .0996258  .02425888     4.11   0.000    .05207926    .1471723
 sup_comp_10 |  .07947082   .1324946     0.60   0.549    -.1802139    .3391555
  log_ing_10 |  -.0190855  .00743464    -2.57   0.010    -.0336571   -.0045139
     cons_10 |   -11.9466   3.756843    -3.18   0.001    -19.30988   -4.583321
       p1_11 |  .01685922  .04241244     0.40   0.691    -.0662676   .09998609
       p2_11 |  -.0334662  .06003864    -0.56   0.577    -.1511398   .08420733
       p3_11 |   .1253529   .1715462     0.73   0.465    -.2108715    .4615772
       p4_11 |  -.2747009   .2028879    -1.35   0.176    -.6723539     .122952
       p5_11 |  -.0098586  .05599935    -0.18   0.860    -.1196154   .09989806
       p6_11 |  -.5251599   .3713663    -1.41   0.157    -1.253024    .2027046
       p7_11 |  -.2996804   .1985776    -1.51   0.131    -.6888853   .08952443
       p8_11 |   -.017513  .06964353    -0.25   0.801    -.1540118    .1189858
       p9_11 |  -.3637212   .2239663    -1.62   0.104     -.802687   .07524463
      p10_11 |   1.752255    .858308     2.04   0.041    .07000173    3.434507
      p11_11 |  -.1484461   .1134562    -1.31   0.191    -.3708161    .0739239
      p12_11 |  -1.184054   .6789611    -1.74   0.081    -2.514793    .1466852
      p13_11 |  .05976589  .09266062     0.64   0.519    -.1218456    .2413774
      p14_11 |   .5585444   .1782796     3.13   0.002     .2091229     .907966
        M_11 |   .6438033   .0261141    24.65   0.000     .5926207     .694986
npersonas_11 |  -.0324041  .00965981    -3.35   0.001     -.051337   -.0134712
     edad_11 |   -.008099  .00242155    -3.34   0.001    -.0128451   -.0033528
      Sex_11 |  .03216342  .02762413     1.16   0.244    -.0219789   .08630573
prim_comp_11 |  -.0831535  .07420599    -1.12   0.262    -.2285946   .06228754
 sec_comp_11 |  .05201689  .05854539     0.89   0.374      -.06273    .1667637
 sup_comp_11 |   .1281872   .1266185     1.01   0.311    -.1199804    .3763549
  log_ing_11 |  .04671478  .04237852     1.10   0.270    -.0363456    .1297752
     cons_11 |  -5.712015   3.691166    -1.55   0.122    -12.94657    1.522537
       p1_12 |  -.2843911   .2265137    -1.26   0.209    -.7283498    .1595676
       p2_12 |  -.9068577   .2573444    -3.52   0.000    -1.411243    -.402472
       p3_12 |    .519971   .2154947     2.41   0.016    .09760907    .9423329
       p4_12 |  -.3394967   .2233448    -1.52   0.128    -.7772443     .098251
       p5_12 |  -1.158496   .4921574    -2.35   0.019    -2.123106   -.1938847
       p6_12 |   .4649335   .2929713     1.59   0.113    -.1092796    1.039147
       p7_12 |   .3135454   .4097376     0.77   0.444    -.4895256    1.116616
       p8_12 |     .15229   .1445336     1.05   0.292    -.1309906    .4355707
       p9_12 |   .2718351   .3557514     0.76   0.445    -.4254248    .9690951
      p10_12 |  -1.527843   .4157351    -3.68   0.000    -2.342668   -.7130168
      p11_12 |   .2685972  .05847725     4.59   0.000     .1539839    .3832105
      p12_12 |   1.812919   .5268293     3.44   0.001     .7803521    2.845485
      p13_12 |  -.0038753  .02761149    -0.14   0.888    -.0579929    .0502422
      p14_12 |   .5754477   .6264082     0.92   0.358    -.6522898    1.803185
        M_12 |   1.134678  .03295255    34.43   0.000     1.070092    1.199264
npersonas_12 |  .04872573  .01735922     2.81   0.005    .01470229   .08274918
     edad_12 |  .00346281  .00226912     1.53   0.127    -.0009846    .0079102
      Sex_12 |  .06723563   .1027166     0.65   0.513    -.1340853    .2685566
prim_comp_12 |  -.1630466  .02857096    -5.71   0.000    -.2190446   -.1070485
 sec_comp_12 |  -.2896527  .03371139    -8.59   0.000    -.3557258   -.2235796
 sup_comp_12 |  -.6619773   .1294921    -5.11   0.000    -.9157771   -.4081776
  log_ing_12 |  -.1543569  .06979522    -2.21   0.027     -.291153   -.0175607
     cons_12 |  -9.005779   3.293425    -2.73   0.006    -15.46077   -2.550783
       p1_13 |   .1294692  .09133504     1.42   0.156    -.0495442    .3084826
       p2_13 |  -.4293784   .8557379    -0.50   0.616    -2.106594    1.247837
       p3_13 |  .07302542  .06277542     1.16   0.245    -.0500122     .196063
       p4_13 |  -.5899779   .2496955    -2.36   0.018    -1.079372   -.1005837
       p5_13 |  -.3310991   .9272354    -0.36   0.721    -2.148447    1.486249
       p6_13 |  .06254896   .1621764     0.39   0.700     -.255311    .3804089
       p7_13 |   .1810467   .6670071     0.27   0.786    -1.126263    1.488357
       p8_13 |  -.3357657   .1670804    -2.01   0.044    -.6632373   -.0082941
       p9_13 |   .6585898  .08370171     7.87   0.000     .4945375    .8226421
      p10_13 |   .7530656   .1028902     7.32   0.000     .5514045    .9547266
      p11_13 |   .1220019   .1037412     1.18   0.240    -.0813272     .325331
      p12_13 |  -.4044697   .6266914    -0.65   0.519    -1.632762    .8238229
      p13_13 |  -.3948105   .1061736    -3.72   0.000    -.6029069   -.1867141
      p14_13 |   .6593875   .2183661     3.02   0.003     .2313978    1.087377
        M_13 |   .6674258   .0140609    47.47   0.000     .6398669    .6949846
npersonas_13 |  -.0648171  .02163627    -3.00   0.003    -.1072234   -.0224108
     edad_13 |  -.0008208  .00027831    -2.95   0.003    -.0013662   -.0002753
      Sex_13 |  .08101623  .02299495     3.52   0.000    .03594695    .1260855
prim_comp_13 |  .07148165  .05636154     1.27   0.205    -.0389849    .1819482
 sec_comp_13 |   .0569863  .05807015     0.98   0.326    -.0568291    .1708017
 sup_comp_13 |  .04135716  .05715953     0.72   0.469    -.0706735    .1533878
  log_ing_13 |   -.049533  .02793369    -1.77   0.076     -.104282   .00521602
     cons_13 |  -6.180604   3.396706    -1.82   0.069    -12.83803    .4768169
       p1_14 |   .1574701   .3859302     0.41   0.683    -.5989392    .9138794
       p2_14 |   .5129663   .4604662     1.11   0.265    -.3895308    1.415463
       p3_14 |   .3121706   .3085276     1.01   0.312    -.2925323    .9168735
       p4_14 |  -.0738118   .3371936    -0.22   0.827    -.7346992    .5870756
       p5_14 |  -.3900301   .8286307    -0.47   0.638    -2.014116    1.234056
       p6_14 |  -.2174576   .4724569    -0.46   0.645    -1.143456    .7085409
       p7_14 |   .3235288    .581027     0.56   0.578    -.8152631    1.462321
       p8_14 |  -.3589638  .03467848   -10.35   0.000    -.4269324   -.2909952
       p9_14 |   .4199749  .09197612     4.57   0.000      .239705    .6002448
      p10_14 |  -.7747506   .2079949    -3.72   0.000    -1.182413   -.3670882
      p11_14 |   .1135702  .06464766     1.76   0.079    -.0131369    .2402773
      p12_14 |   .6434265   .3337779     1.93   0.054    -.0107661    1.297619
      p13_14 |   .1024923   .1989653     0.52   0.606    -.2874726    .4924572
      p14_14 |   .5769364   .2229057     2.59   0.010     .1400492    1.013823
        M_14 |    .908787  .02130032    42.67   0.000     .8670391    .9505348
npersonas_14 |  .03584808  .01554669     2.31   0.021    .00537712   .06631904
     edad_14 |  -.0034296  .00104242    -3.29   0.001    -.0054727   -.0013865
      Sex_14 |   .2166496  .01245777    17.39   0.000     .1922328    .2410663
prim_comp_14 |   .1025543  .03351058     3.06   0.002    .03687472    .1682338
 sec_comp_14 |  -.0011997  .01841049    -0.07   0.948    -.0372836   .03488423
 sup_comp_14 |  -.0428327  .04088208    -1.05   0.295    -.1229601   .03729475
  log_ing_14 |  -.1246718  .02657959    -4.69   0.000    -.1767668   -.0725768
     cons_14 |  -13.75433   4.907275    -2.80   0.005    -23.37241   -4.136245
------------------------------------------------------------------------------

Notes:
- Diagnostic: 2048 fitted share values are negative; values were not clipped.
- Latent adding-up is relaxed: all alpha coefficients are free; fitted shares are not renormalized.
- Compensated elasticities are a Slutsky transformation; utility-consistent Hicksian demand is not guaranteed.
- Analytical structural and elasticity SEs condition on fitted Probits and evaluation means; use full two-step bootstrap for generated-regressor inference.
- Reported V and SEs use full two-step bootstrap; V_analytic retains conditional inference.

Expenditure (income) elasticities, at means
--------------------------------------------
  w1_red        0.682882
  w2_red        0.647509
  w3_red        1.461323
  w4_red        1.598696
  w5_red        0.926689
  w6_red        1.407436
  w7_red        0.018468
  w8_red        0.915683
  w9_red        1.329634
  w10_red       1.265402
  w11_red       2.732654
  w12_red       1.324403
  w13_red       0.846371
  w14_red       1.156454

Uncompensated (Marshallian) price elasticities [row = good, column = price]
---------------------------------------------------------------------------
               w1_red      w2_red      w3_red      w4_red      w5_red      w6_red      w7_red      w8_red      w9_red     w10_red     w11_red     w12_red     w13_red     w14_red
  w1_red      -0.913990    0.884814   -0.205919    0.039466   -0.315420   -0.036093    0.153665   -0.008888   -0.207911    0.138147   -0.044988   -0.293879    0.452915   -0.314836
  w2_red       0.374549   -0.645095   -0.304855   -0.147942    1.241236   -0.202777   -0.360187    0.068884   -0.257961   -0.298931    0.055458   -0.782010    0.321108    0.202651
  w3_red      -0.212956   -1.046603   -0.199956    0.006988   -0.138509    0.592941   -1.078762   -0.083817   -0.285489    0.228683    0.162075    1.633399   -0.622938    0.114456
  w4_red      -0.330841   -0.530778    0.473693   -1.517369   -1.120094   -0.427541   -0.481639   -0.038601    0.352510   -0.109614    0.448588    2.081842    0.253659    0.433793
  w5_red      -0.236391    1.837656   -0.051799    0.394226   -1.664079   -0.007730    1.169118   -0.054065   -0.616608    0.119690   -0.282902   -0.491266    0.163886   -1.335776
  w6_red      -0.064203   -1.379990    1.553167   -1.572749    0.048597   -0.965193   -1.119476   -0.170297   -0.791148    2.578198    0.208732    0.991759   -0.402762   -0.186673
  w7_red       0.072463   -0.881155   -0.496703   -0.172219    2.041161   -0.525633   -2.123069    0.366827   -0.222560   -0.553839    0.088739    1.128521    0.458996    0.304576
  w8_red      -0.146275    0.612198    0.633140    0.111275   -0.430239    0.134682    0.770663   -0.700113   -0.121104   -0.405317    0.051649    2.187271    0.496803   -1.732372
  w9_red      -0.048401   -1.016961   -0.365211    0.035771   -0.063174   -0.468466   -0.235715    0.328772   -0.826075    0.076801   -0.095424    0.772602   -0.461404    0.285207
  w10_red     -0.003432   -0.839120   -0.019761    0.594300   -0.278603    0.723096   -0.384728   -0.173428    0.304735   -0.466168    0.078420   -1.366415   -0.035037    1.019545
  w11_red     -0.153820    0.099311    0.347976    0.976397   -1.187982   -0.241671   -0.124740    0.036019   -0.607783    1.628127   -2.370586   -1.579342   -0.494630    1.189075
  w12_red     -0.158076   -0.706469    0.406686    0.069357   -0.237720    0.120554    0.262379   -0.058158    0.288189   -0.553275   -0.053418   -0.471871   -0.426245    0.149999
  w13_red      0.483071    0.403099   -0.327781   -0.445747   -0.020382   -0.072188    0.433059   -0.139860    0.347736    0.561724   -0.037486   -1.054162   -0.756442    0.390485
  w14_red     -0.401286    0.122020   -0.125382   -0.165701   -1.677087    0.068125    0.006332   -0.151071    0.501559    0.970949    0.232848    0.138258   -0.254602   -1.279662

Compensated (Slutsky transformation) price elasticities [row = good, column = price]
------------------------------------------------------------------------------------
               w1_red      w2_red      w3_red      w4_red      w5_red      w6_red      w7_red      w8_red      w9_red     w10_red     w11_red     w12_red     w13_red     w14_red
  w1_red      -0.869563    1.016815   -0.172020    0.051185   -0.242373   -0.032603    0.189900    0.005002   -0.171164    0.181766   -0.041716   -0.151040    0.505615   -0.258751
  w2_red       0.416674   -0.519931   -0.272712   -0.136831    1.310499   -0.199468   -0.325829    0.082054   -0.223118   -0.257572    0.058561   -0.646570    0.371079    0.255831
  w3_red      -0.117887   -0.764128   -0.127414    0.032065    0.017806    0.600409   -1.001221   -0.054094   -0.206853    0.322025    0.169077    1.939066   -0.510164    0.234475
  w4_red      -0.226835   -0.221749    0.553054   -1.489935   -0.949083   -0.419371   -0.396809   -0.006085    0.438539   -0.007498    0.456248    2.416243    0.377035    0.565094
  w5_red      -0.176104    2.016786   -0.005797    0.410128   -1.564952   -0.002995    1.218290   -0.035217   -0.566741    0.178881   -0.278461   -0.297430    0.235402   -1.259667
  w6_red       0.027360   -1.107932    1.623034   -1.548597    0.199149   -0.958001   -1.044794   -0.141671   -0.715412    2.668097    0.215477    1.286154   -0.294146   -0.071080
  w7_red       0.073665   -0.877585   -0.495786   -0.171903    2.043136   -0.525538   -2.122089    0.367202   -0.221566   -0.552659    0.088827    1.132384    0.460421    0.306093
  w8_red      -0.086704    0.789200    0.678595    0.126988   -0.332290    0.139361    0.819251   -0.681488   -0.071829   -0.346828    0.056037    2.378806    0.567469   -1.657167
  w9_red       0.038101   -0.759942   -0.299206    0.058588    0.079055   -0.461671   -0.165162    0.355816   -0.754526    0.161731   -0.089053    1.050723   -0.358792    0.394410
  w10_red      0.078891   -0.594517    0.043055    0.616015   -0.143244    0.729562   -0.317583   -0.147691    0.372829   -0.385341    0.084484   -1.101730    0.062618    1.123473
  w11_red      0.023958    0.627534    0.483628    1.023290   -0.895673   -0.227706    0.020260    0.091600   -0.460735    1.802673   -2.357491   -1.007749   -0.283743    1.413507
  w12_red     -0.071914   -0.450461    0.472431    0.092084   -0.096050    0.127322    0.332655   -0.031220    0.359457   -0.468680   -0.047072   -0.194844   -0.324037    0.258772
  w13_red      0.538133    0.566703   -0.285766   -0.431223    0.070153   -0.067863    0.477969   -0.122645    0.393280    0.615785   -0.033430   -0.877125   -0.691125    0.459997
  w14_red     -0.326051    0.345563   -0.067974   -0.145856   -1.553383    0.074034    0.067696   -0.127549    0.563790    1.044817    0.238390    0.380155   -0.165355   -1.184683
