Basic translog model with Shonkwiler-Yen correction
Number of obs          = 6573
Number of goods        = 14
Demographic method     = Translating
Number of demographics = 7
Latent adding-up       = False
Starting values        = nested
Scaled gradient        = 2.609957e-17
Log-likelihood         = 147656.9976
Converged              = True

------------------------------------------------------------------------------
             | Coefficient  Std. err.      z    P>|z|     [95% conf. interval]
-------------+----------------------------------------------------------------
alpha        |
     alpha_1 |   .2103129  .02222003     9.47   0.000     .1667624    .2538633
     alpha_2 |    .981304  .02544275    38.57   0.000     .9314371    1.031171
     alpha_3 |  -.3200991   .0303576   -10.54   0.000    -.3795989   -.2605993
     alpha_4 |   -.066503  .03299512    -2.02   0.044    -.1311723   -.0018338
     alpha_5 |   .1949171  .04882031     3.99   0.000    .09923109    .2906032
     alpha_6 |  -.1229193  .02406337    -5.11   0.000    -.1700826   -.0757559
     alpha_7 |    .387518  .02480866    15.62   0.000     .3388939    .4361421
     alpha_8 |   .2215939   .0141341    15.68   0.000     .1938915    .2492962
     alpha_9 |  -.4085416  .03205667   -12.74   0.000    -.4713715   -.3457116
    alpha_10 |  -.0468929  .03607321    -1.30   0.194    -.1175951   .02380927
    alpha_11 |  -.1680835  .02127285    -7.90   0.000    -.2097775   -.1263895
    alpha_12 |   -.208529  .04283819    -4.87   0.000    -.2924903   -.1245677
    alpha_13 |     .68048  .02133162    31.90   0.000     .6386708    .7222892
    alpha_14 |  -.4095333  .03064443   -13.36   0.000    -.4695953   -.3494713
-------------+----------------------------------------------------------------
Gamma        |
   gamma_1_1 |  -.0024796  .00821473    -0.30   0.763    -.0185802   .01362098
   gamma_1_2 |   .1082041  .00608467    17.78   0.000    .09627837    .1201298
   gamma_1_3 |   -.027807  .00853974    -3.26   0.001    -.0445446   -.0110694
   gamma_1_4 |  .00346238  .00842464     0.41   0.681    -.0130496   .01997438
   gamma_1_5 |  -.0325128   .0121883    -2.67   0.008    -.0564015   -.0086242
   gamma_1_6 |  -.0040446  .00618869    -0.65   0.513    -.0161742   .00808505
   gamma_1_7 |  .02168658  .00607215     3.57   0.000    .00978538   .03358777
   gamma_1_8 |  -.0004942   .0036998    -0.13   0.894    -.0077457   .00675728
   gamma_1_9 |  -.0266535  .00833191    -3.20   0.001    -.0429838   -.0103233
  gamma_1_10 |  .01346172  .00978061     1.38   0.169    -.0057079   .03263138
  gamma_1_11 |  -.0071339  .00555399    -1.28   0.199    -.0180195   .00375173
  gamma_1_12 |  -.0477199  .01052572    -4.53   0.000    -.0683499   -.0270898
  gamma_1_13 |  .05674219  .00533234    10.64   0.000    .04629099   .06719338
  gamma_1_14 |  -.0414005  .00866619    -4.78   0.000    -.0583859   -.0244151
   gamma_2_2 |   .1523486   .0135553    11.24   0.000     .1257807    .1789164
   gamma_2_3 |  -.0847678  .00933271    -9.08   0.000    -.1030595    -.066476
   gamma_2_4 |  -.0386139  .00923958    -4.18   0.000    -.0567232   -.0205047
   gamma_2_5 |   .3009629  .01630836    18.45   0.000     .2689991    .3329267
   gamma_2_6 |  -.0527523  .00774518    -6.81   0.000    -.0679326    -.037572
   gamma_2_7 |  -.0670847  .00827615    -8.11   0.000    -.0833057   -.0508637
   gamma_2_8 |   .0195132  .00461751     4.23   0.000    .01046304   .02856336
   gamma_2_9 |  -.0972038  .00955823   -10.17   0.000    -.1159376     -.07847
  gamma_2_10 |  -.1029331   .0123403    -8.34   0.000    -.1271197   -.0787466
  gamma_2_11 |  .00418152  .00480997     0.87   0.385    -.0052458   .01360888
  gamma_2_12 |  -.2350346  .01379388   -17.04   0.000    -.2620701   -.2079991
  gamma_2_13 |   .1066532  .00564769    18.88   0.000    .09558398    .1177225
  gamma_2_14 |  .04181497  .01168713     3.58   0.000    .01890862   .06472131
   gamma_3_3 |  .04092597  .01623719     2.52   0.012    .00910167   .07275027
   gamma_3_4 |   -.008526  .01074444    -0.79   0.427    -.0295847   .01253268
   gamma_3_5 |  -.0073484  .01653091    -0.44   0.657    -.0397484   .02505164
   gamma_3_6 |  .05421042  .00872633     6.21   0.000    .03710714   .07131371
   gamma_3_7 |  -.0675117  .00885646    -7.62   0.000      -.08487   -.0501534
   gamma_3_8 |   -.002055  .00508516    -0.40   0.686    -.0120217   .00791172
   gamma_3_9 |  -.0082464  .01195085    -0.69   0.490    -.0316697    .0151768
  gamma_3_10 |  -.0334954  .01341408    -2.50   0.013    -.0597865   -.0072043
  gamma_3_11 |  .01225292  .00655904     1.87   0.062    -.0006026    .0251084
  gamma_3_12 |   .1347505  .01449299     9.30   0.000     .1063447    .1631562
  gamma_3_13 |  -.0588775  .00664439    -8.86   0.000    -.0719002   -.0458547
  gamma_3_14 |   -.001463  .01342682    -0.11   0.913    -.0277791    .0248531
   gamma_4_4 |  -.0548814  .01576757    -3.48   0.001    -.0857853   -.0239776
   gamma_4_5 |  .05871747  .01524382     3.85   0.000    .02884013   .08859481
   gamma_4_6 |  -.0534464  .01032843    -5.17   0.000    -.0736898   -.0332031
   gamma_4_7 |  -.0214109  .00866508    -2.47   0.013    -.0383942   -.0044277
   gamma_4_8 |  -.0051087  .00494773    -1.03   0.302    -.0148061   .00458864
   gamma_4_9 |  .03109919  .01101254     2.82   0.005      .009515   .05268338
  gamma_4_10 |  .06020818  .01299642     4.63   0.000    .03473567    .0856807
  gamma_4_11 |  .05186112    .009262     5.60   0.000    .03370794    .0700143
  gamma_4_12 |  .01376308  .01347233     1.02   0.307    -.0126422   .04016836
  gamma_4_13 |  -.0013478  .00649478    -0.21   0.836    -.0140774   .01138171
  gamma_4_14 |  -.0267675  .01239319    -2.16   0.031    -.0510577   -.0024773
   gamma_5_5 |  -.1797013  .04441805    -4.05   0.000     -.266759   -.0926435
   gamma_5_6 |  .00124582  .01288361     0.10   0.923    -.0240056   .02649722
   gamma_5_7 |   .2059339   .0148779    13.84   0.000     .1767737     .235094
   gamma_5_8 |  -.0109948    .007495    -1.47   0.142    -.0256847   .00369514
   gamma_5_9 |  -.0966822  .01710718    -5.65   0.000    -.1302117   -.0631527
  gamma_5_10 |  .00895947  .02289018     0.39   0.695    -.0359045    .0538234
  gamma_5_11 |  -.0482353  .00702684    -6.86   0.000    -.0620076   -.0344629
  gamma_5_12 |   -.087895   .0328288    -2.68   0.007    -.1522382   -.0235517
  gamma_5_13 |  .02444122  .00999781     2.44   0.014    .00484587   .04403658
  gamma_5_14 |  -.2322512  .02023337   -11.48   0.000    -.2719078   -.1925945
   gamma_6_6 |  .03007876  .00985848     3.05   0.002    .01075649   .04940103
   gamma_6_7 |  -.0429136  .00745377    -5.76   0.000    -.0575227   -.0283045
   gamma_6_8 |  -.0057126  .00408259    -1.40   0.162    -.0137143   .00228915
   gamma_6_9 |  -.0284177  .00874055    -3.25   0.001    -.0455488   -.0112865
  gamma_6_10 |  .09459124  .01090689     8.67   0.000    .07321413    .1159684
  gamma_6_11 |  .00742158   .0042472     1.75   0.081    -.0009028   .01574593
  gamma_6_12 |  .04028632  .01131557     3.56   0.000    .01810821   .06246442
  gamma_6_13 |  -.0158457  .00517259    -3.06   0.002    -.0259838   -.0057076
  gamma_6_14 |  -.0035414   .0104376    -0.34   0.734    -.0239987   .01691587
   gamma_7_7 |  -.0936617  .01092214    -8.58   0.000    -.1150687   -.0722547
   gamma_7_8 |  .03623608  .00408022     8.88   0.000      .028239   .04423316
   gamma_7_9 |   -.023844  .00884124    -2.70   0.007    -.0411725   -.0065155
  gamma_7_10 |   -.053004  .01161428    -4.56   0.000    -.0757676   -.0302404
  gamma_7_11 |  .00441286  .00445951     0.99   0.322    -.0043276   .01315335
  gamma_7_12 |   .1053245  .01304348     8.07   0.000    .07975975    .1308892
  gamma_7_13 |  .05186759  .00508413    10.20   0.000    .04190287    .0618323
  gamma_7_14 |  .02185815  .01039347     2.10   0.035    .00148733   .04222897
   gamma_8_8 |   .0151274  .00371802     4.07   0.000    .00784021   .02241459
   gamma_8_9 |  .02120984  .00492005     4.31   0.000    .01156671   .03085296
  gamma_8_10 |  -.0170408  .00604247    -2.82   0.005    -.0288838   -.0051978
  gamma_8_11 |  .00185882  .00287652     0.65   0.518    -.0037791    .0074967
  gamma_8_12 |   -.013518  .00610385    -2.21   0.027    -.0254813   -.0015547
  gamma_8_13 |  .01800447  .00331479     5.43   0.000     .0115076   .02450135
  gamma_8_14 |   -.035711  .00595045    -6.00   0.000    -.0473737   -.0240484
   gamma_9_9 |  .01959421  .01595134     1.23   0.219    -.0116698   .05085826
  gamma_9_10 |  .02136154  .01612838     1.32   0.185    -.0102495   .05297258
  gamma_9_11 |  -.0126613  .00614834    -2.06   0.039    -.0247118   -.0006108
  gamma_9_12 |  .07859243  .01566272     5.02   0.000    .04789407    .1092908
  gamma_9_13 |   -.030106  .00652312    -4.62   0.000    -.0428911   -.0173209
  gamma_9_14 |  .07886313  .01329106     5.93   0.000    .05281313    .1049131
 gamma_10_10 |   .1085418  .02573586     4.22   0.000     .0581004    .1589831
 gamma_10_11 |  .00736378  .00632239     1.16   0.244    -.0050279   .01975543
 gamma_10_12 |   -.204593  .02234793    -9.15   0.000    -.2483941   -.1607918
 gamma_10_13 |  -.0029841  .00748185    -0.40   0.690    -.0176483   .01168004
 gamma_10_14 |  .08395071  .01706101     4.92   0.000    .05051174    .1173897
 gamma_11_11 |  -.0576106  .00845563    -6.81   0.000    -.0741833   -.0410379
 gamma_11_12 |  -.0243204  .00652994    -3.72   0.000    -.0371189    -.011522
 gamma_11_13 |  -.0245326  .00419737    -5.84   0.000    -.0327593   -.0163059
 gamma_11_14 |  .03228558  .00623897     5.17   0.000    .02005742   .04451373
 gamma_12_12 |    .169293  .03691682     4.59   0.000    .09693735    .2416486
 gamma_12_13 |   -.127227  .00779777   -16.32   0.000    -.1425104   -.1119437
 gamma_12_14 |  .03680898  .01907977     1.93   0.054    -.0005867   .07420464
 gamma_13_13 |  .08278866  .00708221    11.69   0.000    .06890778   .09666953
 gamma_13_14 |  -.0240054  .00699576    -3.43   0.001    -.0377168   -.0102939
 gamma_14_14 |  -.0004838  .02271968    -0.02   0.983    -.0450136   .04404596
-------------+----------------------------------------------------------------
Nu           |
nu_npersonas_1 |  -.0292458  .00877576    -3.33   0.001     -.046446   -.0120456
nu_npersonas_2 |  -.0026873  .00508625    -0.53   0.597    -.0126562   .00728153
nu_npersonas_3 |   .0232707  .00273635     8.50   0.000    .01790756   .02863384
nu_npersonas_4 |   -.006131  .00333146    -1.84   0.066    -.0126605   .00039856
nu_npersonas_5 |  -.0579725  .01265269    -4.58   0.000    -.0827713   -.0331737
nu_npersonas_6 |  .04047927  .00785218     5.16   0.000    .02508929   .05586925
nu_npersonas_7 |  -.1174826  .01723682    -6.82   0.000    -.1512661    -.083699
nu_npersonas_8 |    -.04991  .00462403   -10.79   0.000    -.0589729    -.040847
nu_npersonas_9 |   .0091825  .00383072     2.40   0.017    .00167442   .01669057
nu_npersonas_10 |  -.0130754  .00371665    -3.52   0.000    -.0203599   -.0057909
nu_npersonas_11 |  -.0031742   .0009213    -3.45   0.001    -.0049799   -.0013685
nu_npersonas_12 |  .05125722  .00420746    12.18   0.000    .04301076   .05950368
nu_npersonas_13 |  -.0435694  .00453132    -9.62   0.000    -.0524507   -.0346882
nu_npersonas_14 |  .04605292  .00546225     8.43   0.000    .03534711   .05675873
   nu_edad_1 |  -.0038301  .00093395    -4.10   0.000    -.0056606   -.0019996
   nu_edad_2 |  .00294669  .00025147    11.72   0.000    .00245383   .00343955
   nu_edad_3 |   .0020956  .00023922     8.76   0.000    .00162673   .00256447
   nu_edad_4 |  -.0013256  .00030608    -4.33   0.000    -.0019255   -.0007258
   nu_edad_5 |   -.000603  .00084447    -0.71   0.475    -.0022582    .0010521
   nu_edad_6 |  -.0018083  .00062955    -2.87   0.004    -.0030422   -.0005744
   nu_edad_7 |  .00144473  .00121942     1.18   0.236    -.0009453   .00383476
   nu_edad_8 |  -.0036073  .00027677   -13.03   0.000    -.0041498   -.0030649
   nu_edad_9 |  .00247528  .00026795     9.24   0.000    .00195012   .00300045
  nu_edad_10 |  -.0029262  .00027745   -10.55   0.000      -.00347   -.0023824
  nu_edad_11 |  -.0000624   .0000787    -0.79   0.428    -.0002167   .00009184
  nu_edad_12 |  .00995999  .00032758    30.40   0.000    .00931795   .01060203
  nu_edad_13 |  -.0020602  .00035736    -5.77   0.000    -.0027606   -.0013598
  nu_edad_14 |  .00377105  .00039589     9.53   0.000    .00299511   .00454699
    nu_Sex_1 |   -.014001   .0215747    -0.65   0.516    -.0562866   .02828467
    nu_Sex_2 |  -.1109716  .01032731   -10.75   0.000    -.1312128   -.0907304
    nu_Sex_3 |  -.0148168  .00690879    -2.14   0.032    -.0283578   -.0012758
    nu_Sex_4 |  -.0246952   .0079768    -3.10   0.002    -.0403295    -.009061
    nu_Sex_5 |  -.2250919   .0228365    -9.86   0.000    -.2698506   -.1803331
    nu_Sex_6 |  -.0015885  .01816125    -0.09   0.930    -.0371839   .03400693
    nu_Sex_7 |  -.6956932  .03711263   -18.75   0.000    -.7684326   -.6229538
    nu_Sex_8 |  -.0267559   .0102347    -2.61   0.009    -.0468155   -.0066962
    nu_Sex_9 |  .04354378  .00900012     4.84   0.000    .02590387   .06118369
   nu_Sex_10 |  .02780338  .00991091     2.81   0.005    .00837834   .04722841
   nu_Sex_11 |  .00446623  .00192311     2.32   0.020    .00069701   .00823545
   nu_Sex_12 |  .03944915  .00888819     4.44   0.000    .02202861    .0568697
   nu_Sex_13 |  -.0726042  .01131813    -6.41   0.000    -.0947873    -.050421
   nu_Sex_14 |   .0861303  .01280034     6.73   0.000    .06104211    .1112185
nu_prim_comp_1 |  -.1657443  .02956735    -5.61   0.000    -.2236952   -.1077933
nu_prim_comp_2 |   .1672249  .01304318    12.82   0.000     .1416607    .1927891
nu_prim_comp_3 |  .00164511  .00936438     0.18   0.861    -.0167087   .01999895
nu_prim_comp_4 |  .02656238  .00956643     2.78   0.005    .00781253   .04531223
nu_prim_comp_5 |  .09056404   .0313261     2.89   0.004    .02916601    .1519621
nu_prim_comp_6 |   .0388003  .02388826     1.62   0.104    -.0080198   .08562043
nu_prim_comp_7 |   .2183307  .04834195     4.52   0.000     .1235823    .3130792
nu_prim_comp_8 |  -.0190713  .01486535    -1.28   0.200    -.0482069   .01006421
nu_prim_comp_9 |  -.0194097  .01170858    -1.66   0.097    -.0423581   .00353865
nu_prim_comp_10 |   .0307995  .01230509     2.50   0.012    .00668197   .05491704
nu_prim_comp_11 |  .01592006  .00241649     6.59   0.000    .01118381    .0206563
nu_prim_comp_12 |  .07844239  .01522066     5.15   0.000    .04861044    .1082743
nu_prim_comp_13 |  .02025186  .01495086     1.35   0.176    -.0090513   .04955501
nu_prim_comp_14 |   .0004167  .01795893     0.02   0.981    -.0347822   .03561555
nu_sec_comp_1 |  .02731432  .04017715     0.68   0.497    -.0514315    .1060601
nu_sec_comp_2 |  -.2845907  .02121254   -13.42   0.000    -.3261665   -.2430149
nu_sec_comp_3 |   -.071439  .01216247    -5.87   0.000     -.095277    -.047601
nu_sec_comp_4 |  .01730065  .01461877     1.18   0.237    -.0113516   .04595291
nu_sec_comp_5 |  -.1799169  .04341463    -4.14   0.000     -.265008   -.0948257
nu_sec_comp_6 |  -.0743637  .03416533    -2.18   0.030    -.1413266   -.0074009
nu_sec_comp_7 |   .7661826  .07516748    10.19   0.000      .618857    .9135081
nu_sec_comp_8 |  -.0347325   .0185713    -1.87   0.061    -.0711316   .00166661
nu_sec_comp_9 |  .05087676  .01587412     3.21   0.001    .01976406   .08198946
nu_sec_comp_10 |  -.0367308  .01647244    -2.23   0.026    -.0690162   -.0044455
nu_sec_comp_11 |  .01157492  .00361251     3.20   0.001    .00449454    .0186553
nu_sec_comp_12 |  -.1895469  .01954464    -9.70   0.000    -.2278537   -.1512401
nu_sec_comp_13 |   .2247532  .02143396    10.49   0.000     .1827434     .266763
nu_sec_comp_14 |  -.0295662  .02262979    -1.31   0.191    -.0739198   .01478736
nu_sup_comp_1 |   .2078832  .07497468     2.77   0.006    .06093552    .3548309
nu_sup_comp_2 |   .1377723  .02678604     5.14   0.000    .08527261     .190272
nu_sup_comp_3 |  -.0408703  .01759557    -2.32   0.020     -.075357   -.0063836
nu_sup_comp_4 |  .00115225  .02617293     0.04   0.965    -.0501457   .05245024
nu_sup_comp_5 |   .3835884  .06474983     5.92   0.000     .2566811    .5104958
nu_sup_comp_6 |  -.1932145  .05575121    -3.47   0.001    -.3024848   -.0839441
nu_sup_comp_7 |   1.128985   .1197627     9.43   0.000      .894254    1.363715
nu_sup_comp_8 |   .1281514  .02511739     5.10   0.000    .07892218    .1773805
nu_sup_comp_9 |    .245353  .02256853    10.87   0.000     .2011195    .2895865
nu_sup_comp_10 |  .02297566  .02231549     1.03   0.303    -.0207619   .06671323
nu_sup_comp_11 |  .00202624  .00650972     0.31   0.756    -.0107326   .01478506
nu_sup_comp_12 |  .00965738  .03075653     0.31   0.754    -.0506243   .06993908
nu_sup_comp_13 |  .00033346  .04128126     0.01   0.994    -.0805763   .08124325
nu_sup_comp_14 |  -.1608406  .03364915    -4.78   0.000    -.2267917   -.0948895
nu_log_ing_1 |  .05939528  .00686723     8.65   0.000    .04593575   .07285481
nu_log_ing_2 |  -.0311886  .00247168   -12.62   0.000     -.036033   -.0263442
nu_log_ing_3 |   .0021291  .00200286     1.06   0.288    -.0017964   .00605462
nu_log_ing_4 |  -.0033945  .00229742    -1.48   0.140    -.0078974   .00110832
nu_log_ing_5 |   .2029235  .00820482    24.73   0.000     .1868423    .2190046
nu_log_ing_6 |  -.0379274  .00464716    -8.16   0.000    -.0470357   -.0288191
nu_log_ing_7 |  .07935652    .009508     8.35   0.000    .06072118   .09799186
nu_log_ing_8 |  .02847642  .00227142    12.54   0.000    .02402452   .03292832
nu_log_ing_9 |  -.0272615  .00237439   -11.48   0.000    -.0319153   -.0226078
nu_log_ing_10 |  .00363667  .00245872     1.48   0.139    -.0011823   .00845567
nu_log_ing_11 |  .00058308  .00063522     0.92   0.359    -.0006619   .00182808
nu_log_ing_12 |  -.0724927  .00277448   -26.13   0.000    -.0779306   -.0670548
nu_log_ing_13 |   .0226539  .00293808     7.71   0.000    .01689537   .02841243
nu_log_ing_14 |   -.048172  .00350922   -13.73   0.000      -.05505   -.0412941
-------------+----------------------------------------------------------------
delta        |
     delta_1 |  .06755984  .00547428    12.34   0.000    .05683044   .07828925
     delta_2 |   .4247574   .0073581    57.73   0.000     .4103358     .439179
     delta_3 |  .00147664  .00506793     0.29   0.771    -.0084563   .01140961
     delta_4 |   .0722048  .00520302    13.88   0.000    .06200707   .08240253
     delta_5 |   .1330791  .00784786    16.96   0.000     .1176975    .1484606
     delta_6 |  .04209519  .00434861     9.68   0.000    .03357207   .05061832
     delta_7 |   -.015875  .00298685    -5.31   0.000    -.0217292   -.0100209
     delta_8 |  -.0756551  .00525281   -14.40   0.000    -.0859504   -.0653598
     delta_9 |   .1518391  .00601299    25.25   0.000     .1400538    .1636243
    delta_10 |  .04214191  .00487341     8.65   0.000    .03259021   .05169361
    delta_11 |  .02697417     .00398     6.78   0.000    .01917351   .03477483
    delta_12 |   .1778867  .00455417    39.06   0.000     .1689607    .1868127
    delta_13 |  -.0845543  .00543588   -15.55   0.000    -.0952084   -.0739002
    delta_14 |   .1865413  .00518203    36.00   0.000     .1763847    .1966979
-------------+----------------------------------------------------------------
tau          |
        p1_1 |  -.1305611   .1723903    -0.76   0.449    -.4684399    .2073177
        p2_1 |  -.0710263   .3636853    -0.20   0.845    -.7838364    .6417837
        p3_1 |   .3157774   .2361423     1.34   0.181    -.1470529    .7786078
        p4_1 |   .2361816   .2137325     1.11   0.269    -.1827265    .6550897
        p5_1 |  -1.821883   .6121167    -2.98   0.003    -3.021609   -.6221559
        p6_1 |  -.0355198   .2421224    -0.15   0.883     -.510071    .4390314
        p7_1 |   .1093416   .2896678     0.38   0.706    -.4583968    .6770801
        p8_1 |  .08889245   .1199678     0.74   0.459      -.14624     .324025
        p9_1 |  -.4892822   .2399236    -2.04   0.041    -.9595239   -.0190405
       p10_1 |    .452309   .4428323     1.02   0.307    -.4156264    1.320244
       p11_1 |  -.1571154  .08676414    -1.81   0.070      -.32717   .01293915
       p12_1 |   1.065701    .674775     1.58   0.114    -.2568336    2.388236
       p13_1 |  .03308216   .1329439     0.25   0.803     -.227483    .2936473
       p14_1 |  -.0051591   .3319211    -0.02   0.988    -.6557124    .6453942
         M_1 |   .6983371  .02755544    25.34   0.000     .6443294    .7523447
 npersonas_1 |  -.0190893  .01433161    -1.33   0.183    -.0471787   .00900018
      edad_1 |  -.0127297  .00117905   -10.80   0.000    -.0150406   -.0104188
       Sex_1 |  -.0147138  .03527575    -0.42   0.677     -.083853   .05442542
 prim_comp_1 |  -.0031323  .05600324    -0.06   0.955    -.1128967     .106632
  sec_comp_1 |  -.0611836  .06522182    -0.94   0.348     -.189016   .06664879
  sup_comp_1 |  -.0807886  .07864736    -1.03   0.304    -.2349346   .07335744
   log_ing_1 |  .04665901  .01642276     2.84   0.004      .014471   .07884702
      cons_1 |  -4.626919   2.785999    -1.66   0.097    -10.08738    .8335383
        p1_2 |  .04257935   .6165606     0.07   0.945    -1.165857    1.251016
        p2_2 |   2.159499   .9983691     2.16   0.031     .2027313    4.116266
        p3_2 |    .700303   .7071209     0.99   0.322    -.6856284    2.086234
        p4_2 |   .3380522   .6408126     0.53   0.598    -.9179175    1.594022
        p5_2 |  -3.068004   1.807186    -1.70   0.090    -6.610023    .4740156
        p6_2 |   .2533537   .6663457     0.38   0.704     -1.05266    1.559367
        p7_2 |   1.557587   .8042444     1.94   0.053    -.0187031    3.133877
        p8_2 |  -.3470657   .3170289    -1.09   0.274    -.9684309    .2742995
        p9_2 |  -.9528529   .6471986    -1.47   0.141    -2.221339     .315633
       p10_2 |  -1.495116   1.161463    -1.29   0.198    -3.771541     .781309
       p11_2 |  -.0666245    .261578    -0.25   0.799     -.579308     .446059
       p12_2 |   1.543786   1.754723     0.88   0.379    -1.895408    4.982979
       p13_2 |   .6645948   .4160772     1.60   0.110    -.1509015    1.480091
       p14_2 |    .211801   .9003996     0.24   0.814     -1.55295    1.976552
         M_2 |   .8446476  .05515126    15.32   0.000     .7365531    .9527421
 npersonas_2 |   .1146398  .04566674     2.51   0.012    .02513465     .204145
      edad_2 |  .00408352  .00271076     1.51   0.132    -.0012295   .00939651
       Sex_2 |   .1281414  .08894483     1.44   0.150    -.0461873      .30247
 prim_comp_2 |  .05066456   .1444852     0.35   0.726    -.2325213    .3338504
  sec_comp_2 |  -.3260205   .1607053    -2.03   0.042    -.6409971   -.0110439
  sup_comp_2 |  -.4038006   .1915568    -2.11   0.035     -.779245   -.0283561
   log_ing_2 |  -.1435162   .0526345    -2.73   0.006     -.246678   -.0403545
      cons_2 |  -11.65694   7.901006    -1.48   0.140    -27.14263    3.828744
        p1_3 |    .176543   .1655482     1.07   0.286    -.1479255    .5010116
        p2_3 |  -.3986874   .3575369    -1.12   0.265    -1.099447     .302072
        p3_3 |   .1507652   .2308853     0.65   0.514    -.3017617    .6032922
        p4_3 |   .1631587   .2101478     0.78   0.438    -.2487234    .5750409
        p5_3 |  -.1015568   .5996452    -0.17   0.866     -1.27684    1.073726
        p6_3 |  .07445778   .2366703     0.31   0.753    -.3894075     .538323
        p7_3 |  -.7669513   .2839243    -2.70   0.007    -1.323433   -.2104699
        p8_3 |   -.116305   .1175193    -0.99   0.322    -.3466386    .1140286
        p9_3 |  -.5175492   .2363371    -2.19   0.029    -.9807614   -.0543369
       p10_3 |   1.148505   .4418794     2.60   0.009     .2824374    2.014573
       p11_3 |  .03644215  .08550156     0.43   0.670    -.1311378    .2040221
       p12_3 |   .4064894   .6634829     0.61   0.540    -.8939131    1.706892
       p13_3 |  -.0131712   .1293731    -0.10   0.919    -.2667379    .2403955
       p14_3 |    .180752   .3279725     0.55   0.582    -.4620622    .8235662
         M_3 |    .696854  .02731371    25.51   0.000     .6433201    .7503879
 npersonas_3 |  .02909879  .01395539     2.09   0.037    .00174672   .05645086
      edad_3 |    -.00916  .00115249    -7.95   0.000    -.0114188   -.0069012
       Sex_3 |   .1892799  .03485012     5.43   0.000     .1209749    .2575849
 prim_comp_3 |  .00729624  .05615646     0.13   0.897    -.1027684    .1173609
  sec_comp_3 |   .1289152  .06492751     1.99   0.047    .00165964    .2561708
  sup_comp_3 |   .2091613  .07898946     2.65   0.008    .05434476    .3639777
   log_ing_3 |  .05070606  .01663277     3.05   0.002    .01810644   .08330568
      cons_3 |  -11.05438   2.706208    -4.08   0.000    -16.35845   -5.750307
        p1_4 |  -.4503486   .2075906    -2.17   0.030    -.8572187   -.0434785
        p2_4 |  -.2847602   .4323703    -0.66   0.510     -1.13219    .5626701
        p3_4 |   .6768566   .2816926     2.40   0.016     .1247493    1.228964
        p4_4 |   .1333647   .2585823     0.52   0.606    -.3734473    .6401767
        p5_4 |  -1.994269   .7408223    -2.69   0.007    -3.446254   -.5422837
        p6_4 |  -.0100226   .2958519    -0.03   0.973    -.5898816    .5698364
        p7_4 |  -.3920964   .3394041    -1.16   0.248    -1.057316    .2731235
        p8_4 |  .00269668   .1371552     0.02   0.984    -.2661225    .2715159
        p9_4 |   .1346126   .2913829     0.46   0.644    -.4364875    .7057126
       p10_4 |  -.7311213   .5742082    -1.27   0.203    -1.856549    .3943061
       p11_4 |  .05151892   .1042185     0.49   0.621    -.1527456    .2557834
       p12_4 |   2.478372    .774405     3.20   0.001     .9605657    3.996177
       p13_4 |   .3348911   .1588356     2.11   0.035    .02357916    .6462031
       p14_4 |   .8070265   .4067191     1.98   0.047    .00987168    1.604181
         M_4 |    .610541  .03447759    17.71   0.000     .5429662    .6781159
 npersonas_4 |  -.0536785  .01588858    -3.38   0.001    -.0848196   -.0225374
      edad_4 |  .00356685  .00132064     2.70   0.007    .00097844   .00615525
       Sex_4 |  .03134601  .03894372     0.80   0.421    -.0449823    .1076743
 prim_comp_4 |  .03108793  .06881898     0.45   0.651    -.1037948    .1659707
  sec_comp_4 |  .08934097  .07654716     1.17   0.243    -.0606887    .2393707
  sup_comp_4 |   .2275404  .08659565     2.63   0.009    .05781609    .3972648
   log_ing_4 |  -.0220507  .01966352    -1.12   0.262    -.0605905   .01648906
      cons_4 |  -14.57016   3.331363    -4.37   0.000    -21.09952   -8.040814
        p1_5 |   .1954955   .2215437     0.88   0.378    -.2387222    .6297132
        p2_5 |   .1034565   .4581228     0.23   0.821    -.7944476    1.001361
        p3_5 |  .01591967   .3041445     0.05   0.958    -.5801926    .6120319
        p4_5 |  -.1642456    .280617    -0.59   0.558    -.7142448    .3857536
        p5_5 |   .1283277   .7940877     0.16   0.872    -1.428056    1.684711
        p6_5 |   .2280453   .3054777     0.75   0.455      -.37068    .8267705
        p7_5 |   .6097704   .3808638     1.60   0.109    -.1367089     1.35625
        p8_5 |  -.1390149    .154476    -0.90   0.368    -.4417822    .1637524
        p9_5 |   .3788195   .3231319     1.17   0.241    -.2545073    1.012146
       p10_5 |  -.4054049   .5645929    -0.72   0.473    -1.511987    .7011768
       p11_5 |  -.0207173   .1154948    -0.18   0.858    -.2470828    .2056483
       p12_5 |  .01205225   .8658582     0.01   0.989    -1.684999    1.709103
       p13_5 |  -.2200831    .181067    -1.22   0.224    -.5749679    .1348017
       p14_5 |  -.5271508   .4336099    -1.22   0.224    -1.377011    .3227091
         M_5 |    .841784  .03303656    25.48   0.000     .7770335    .9065345
 npersonas_5 |  -.0210248  .01765516    -1.19   0.234    -.0556283   .01357869
      edad_5 |  .00954586  .00143592     6.65   0.000    .00673152    .0123602
       Sex_5 |  .07446976  .04401946     1.69   0.091    -.0118068    .1607463
 prim_comp_5 |  .07522158  .07031826     1.07   0.285    -.0625997    .2130428
  sec_comp_5 |  .09394113  .08243999     1.14   0.254    -.0676383    .2555205
  sup_comp_5 |   .1472037   .1010488     1.46   0.145    -.0508483    .3452556
   log_ing_5 |  -.0619452  .02334867    -2.65   0.008    -.1077078   -.0161826
      cons_5 |  -5.558817   3.635983    -1.53   0.126    -12.68521    1.567579
        p1_6 |   .2726755   .1923176     1.42   0.156    -.1042601    .6496111
        p2_6 |    .538856   .4035388     1.34   0.182    -.2520655    1.329778
        p3_6 |   .5454135      .2562     2.13   0.033    .04327074    1.047556
        p4_6 |   -.786165   .2394745    -3.28   0.001    -1.255526   -.3168036
        p5_6 |  -.0544541   .6853735    -0.08   0.937    -1.397761    1.288853
        p6_6 |    .376021   .2715889     1.38   0.166    -.1562834    .9083254
        p7_6 |   .2531881   .3203649     0.79   0.429    -.3747155    .8810917
        p8_6 |  -.1602548   .1298706    -1.23   0.217    -.4147964   .09428681
        p9_6 |   .1633559   .2637048     0.62   0.536     -.353496    .6802078
       p10_6 |  .00947497   .5121293     0.02   0.985      -.99428     1.01323
       p11_6 |   .1703947  .09494074     1.79   0.073    -.0156857    .3564752
       p12_6 |  -.4036051   .7348432    -0.55   0.583    -1.843871    1.036661
       p13_6 |   .1121466   .1446573     0.78   0.438    -.1713765    .3956697
       p14_6 |  -.4795755   .3758784    -1.28   0.202    -1.216284    .2571328
         M_6 |   .5784043  .03330517    17.37   0.000     .5131273    .6436812
 npersonas_6 |  .02975063  .01472418     2.02   0.043    .00089177   .05860949
      edad_6 |  -.0004464   .0013086    -0.34   0.733    -.0030112   .00211842
       Sex_6 |  .08007148  .03832529     2.09   0.037    .00495529    .1551877
 prim_comp_6 |  .06706625  .06613455     1.01   0.311    -.0625551    .1966876
  sec_comp_6 |  -.0718401  .07532724    -0.95   0.340    -.2194787   .07579862
  sup_comp_6 |  -.1253318  .08753602    -1.43   0.152    -.2968992   .04623569
   log_ing_6 |  -.0933081  .01726769    -5.40   0.000    -.1271521    -.059464
      cons_6 |  -7.722632   3.039693    -2.54   0.011    -13.68032   -1.764942
        p1_7 |  -.4512308   .2099716    -2.15   0.032    -.8627677    -.039694
        p2_7 |  -.2266237   .4050951    -0.56   0.576    -1.020596    .5673481
        p3_7 |   .6167235   .2736045     2.25   0.024    .08046853    1.152979
        p4_7 |   .2126102   .2482357     0.86   0.392    -.2739229    .6991433
        p5_7 |  -.9898078   .7210022    -1.37   0.170    -2.402946    .4233306
        p6_7 |  -.0679733   .2768149    -0.25   0.806    -.6105205     .474574
        p7_7 |  -.0583461   .3223651    -0.18   0.856      -.69017    .5734779
        p8_7 |  -.0743431   .1314493    -0.57   0.572    -.3319789    .1832928
        p9_7 |  -.0189943   .2762114    -0.07   0.945    -.5603586      .52237
       p10_7 |  .09376465   .4964126     0.19   0.850    -.8791861    1.066715
       p11_7 |  -.0005297  .09814353    -0.01   0.996    -.1928875    .1918281
       p12_7 |  -.4994887   .7526644    -0.66   0.507    -1.974684    .9757064
       p13_7 |   -.238272   .1597073    -1.49   0.136    -.5512925   .07474849
       p14_7 |  .01703345   .3681592     0.05   0.963    -.7045454    .7386123
         M_7 |   .3142735   .0270888    11.60   0.000     .2611804    .3673666
 npersonas_7 |   .2196233  .01794135    12.24   0.000     .1844589    .2547877
      edad_7 |  .00692931  .00126297     5.49   0.000    .00445393   .00940468
       Sex_7 |   .2153117  .03851392     5.59   0.000     .1398258    .2907976
 prim_comp_7 |  -.0144963  .06374252    -0.23   0.820    -.1394293    .1104368
  sec_comp_7 |  -.0642808  .07295888    -0.88   0.378    -.2072776   .07871596
  sup_comp_7 |  -.2563285  .08493453    -3.02   0.003    -.4227972   -.0898599
   log_ing_7 |  -.0507613  .01911078    -2.66   0.008    -.0882178   -.0133049
      cons_7 |   6.049214   3.114761     1.94   0.052    -.0556048    12.15403
        p1_8 |  -.0576477   .1668341    -0.35   0.730    -.3846366    .2693412
        p2_8 |   .1006612   .3528714     0.29   0.775     -.590954    .7922765
        p3_8 |    .360076   .2334751     1.54   0.123    -.0975269    .8176788
        p4_8 |   .1360729   .2079516     0.65   0.513    -.2715047    .5436505
        p5_8 |  -.1313487    .595949    -0.22   0.826    -1.299387     1.03669
        p6_8 |   .1669715   .2351009     0.71   0.478    -.2938179    .6277608
        p7_8 |  -.0235379   .2824306    -0.08   0.934    -.5770916    .5300159
        p8_8 |  .00350191   .1164352     0.03   0.976    -.2247069    .2317107
        p9_8 |  -.4585421   .2372269    -1.93   0.053    -.9234982   .00641404
       p10_8 |  -.0027585     .43505    -0.01   0.995    -.8554408    .8499238
       p11_8 |   -.044065  .08515259    -0.52   0.605     -.210961     .122831
       p12_8 |   1.311028    .652424     2.01   0.044    .03230002    2.589755
       p13_8 |  .06899649   .1278336     0.54   0.589    -.1815528    .3195458
       p14_8 |  -.5393609   .3277349    -1.65   0.100     -1.18171    .1029877
         M_8 |   .4848176  .02574389    18.83   0.000     .4343605    .5352747
 npersonas_8 |  .02446377  .01390354     1.76   0.078    -.0027867   .05171421
      edad_8 |  .00026205  .00112689     0.23   0.816    -.0019466   .00247071
       Sex_8 |  .02168701  .03401001     0.64   0.524    -.0449714    .0883454
 prim_comp_8 |  .06116033  .05555905     1.10   0.271    -.0477334    .1700541
  sec_comp_8 |  -.0324834  .06404185    -0.51   0.612    -.1580032   .09303629
  sup_comp_8 |  -.1682541  .07552448    -2.23   0.026    -.3162794   -.0202289
   log_ing_8 |  -.0965508  .01897756    -5.09   0.000    -.1337461   -.0593555
      cons_8 |  -8.626516    2.68797    -3.21   0.001    -13.89484   -3.358192
        p1_9 |  -.3988597   .1681725    -2.37   0.018    -.7284718   -.0692476
        p2_9 |   .1201976   .3590165     0.33   0.738    -.5834618    .8238569
        p3_9 |   .4847599   .2337868     2.07   0.038    .02654623    .9429736
        p4_9 |   .5044613   .2107426     2.39   0.017    .09141349    .9175091
        p5_9 |  -1.637576   .6037643    -2.71   0.007    -2.820932   -.4542195
        p6_9 |   .3629123     .23884     1.52   0.129    -.1052054    .8310301
        p7_9 |  -.0196039   .2834076    -0.07   0.945    -.5750725    .5358647
        p8_9 |  -.2160197   .1187519    -1.82   0.069    -.4487692   .01672973
        p9_9 |   -.116629   .2386709    -0.49   0.625    -.5844154    .3511573
       p10_9 |    .258941   .4410643     0.59   0.557    -.6055291    1.123411
       p11_9 |  -.0422421  .08571606    -0.49   0.622    -.2102425    .1257583
       p12_9 |  .06028613   .6602776     0.09   0.927    -1.233834    1.354406
       p13_9 |   .2793443   .1310633     2.13   0.033    .02246489    .5362237
       p14_9 |   .9037377   .3296769     2.74   0.006     .2575829    1.549893
         M_9 |    .791329   .0283551    27.91   0.000      .735754    .8469039
 npersonas_9 |  -.0454608  .01408528    -3.23   0.001    -.0730674   -.0178541
      edad_9 |  -.0029864   .0011693    -2.55   0.011    -.0052782   -.0006946
       Sex_9 |   .1522153  .03532985     4.31   0.000    .08297007    .2214606
 prim_comp_9 |    .117518  .05610807     2.09   0.036    .00754817    .2274878
  sec_comp_9 |   .2562291  .06534459     3.92   0.000      .128156    .3843021
  sup_comp_9 |   .4258977   .0815383     5.22   0.000     .2660855    .5857098
   log_ing_9 |  .05059691  .01698693     2.98   0.003    .01730314   .08389069
      cons_9 |   -12.7006     2.7323    -4.65   0.000    -18.05581   -7.345387
       p1_10 |    -.33193   .1638403    -2.03   0.043    -.6530512   -.0108089
       p2_10 |  -.1162644   .3524151    -0.33   0.741    -.8069853    .5744566
       p3_10 |   .8102831   .2292058     3.54   0.000     .3610479    1.259518
       p4_10 |   .4622202   .2070819     2.23   0.026    .05634716    .8680933
       p5_10 |  -1.336131   .5916236    -2.26   0.024    -2.495692   -.1765696
       p6_10 |  -.0184109   .2362073    -0.08   0.938    -.4813687    .4445469
       p7_10 |   .2600534   .2774838     0.94   0.349    -.2838048    .8039117
       p8_10 |  -.1156444   .1162737    -0.99   0.320    -.3435367    .1122478
       p9_10 |   .3314861   .2353128     1.41   0.159    -.1297185    .7926907
      p10_10 |   -.703887   .4384523    -1.61   0.108    -1.563238    .1554636
      p11_10 |  -.0321245  .08457325    -0.38   0.704     -.197885     .133636
      p12_10 |    .327802   .6456634     0.51   0.612     -.937675    1.593279
      p13_10 |  .08259063   .1282687     0.64   0.520    -.1688114    .3339926
      p14_10 |   1.206415   .3274957     3.68   0.000     .5645354    1.848295
        M_10 |   .7248381  .02761475    26.25   0.000     .6707142     .778962
npersonas_10 |  -.0143847  .01376963    -1.04   0.296    -.0413727   .01260323
     edad_10 |  -.0089542  .00113804    -7.87   0.000    -.0111847   -.0067237
      Sex_10 |  -.0853486  .03413512    -2.50   0.012    -.1522522    -.018445
prim_comp_10 |   .1356271  .05545752     2.45   0.014     .0269324    .2443219
 sec_comp_10 |   .0996258  .06402648     1.56   0.120    -.0258638    .2251154
 sup_comp_10 |  .07947082  .07665071     1.04   0.300    -.0707618    .2297034
  log_ing_10 |  -.0190855  .01672566    -1.14   0.254    -.0518672    .0136962
     cons_10 |   -11.9466   2.691617    -4.44   0.000    -17.22207   -6.671127
       p1_11 |  .01685922   .2460325     0.07   0.945    -.4653555     .499074
       p2_11 |  -.0334662   .4677454    -0.07   0.943    -.9502303    .8832978
       p3_11 |   .1253529   .3226012     0.39   0.698    -.5069339    .7576396
       p4_11 |  -.2747009   .2952474    -0.93   0.352    -.8533752    .3039733
       p5_11 |  -.0098586   .8580881    -0.01   0.991     -1.69168    1.671963
       p6_11 |  -.5251599   .3286997    -1.60   0.110      -1.1694    .1190797
       p7_11 |  -.2996804   .3740146    -0.80   0.423    -1.032736    .4333747
       p8_11 |   -.017513     .14866    -0.12   0.906    -.3088812    .2738551
       p9_11 |  -.3637212   .3321871    -1.09   0.274    -1.014796    .2873536
      p10_11 |   1.752255   .6344958     2.76   0.006     .5086656    2.995843
      p11_11 |  -.1484461   .1194831    -1.24   0.214    -.3826286   .08573642
      p12_11 |  -1.184054   .8273687    -1.43   0.152    -2.805667    .4375588
      p13_11 |  .05976589   .1802344     0.33   0.740     -.293487    .4130187
      p14_11 |   .5585444   .4379983     1.28   0.202    -.2999165    1.417005
        M_11 |   .6438033  .03757697    17.13   0.000     .5701538    .7174529
npersonas_11 |  -.0324041  .01640295    -1.98   0.048    -.0645533   -.0002549
     edad_11 |   -.008099  .00140626    -5.76   0.000    -.0108552   -.0053427
      Sex_11 |  .03216342  .04126974     0.78   0.436    -.0487238    .1130506
prim_comp_11 |  -.0831535   .0783921    -1.06   0.289    -.2367992   .07049215
 sec_comp_11 |  .05201689  .08508899     0.61   0.541    -.1147545    .2187882
 sup_comp_11 |   .1281872   .0946029     1.36   0.175    -.0572311    .3136055
  log_ing_11 |  .04671478  .02388148     1.96   0.050    -.0000921   .09352161
     cons_11 |  -5.712015   3.628253    -1.57   0.115    -12.82326     1.39923
       p1_12 |  -.2843911   .2300036    -1.24   0.216    -.7351898    .1664076
       p2_12 |  -.9068577   .4437061    -2.04   0.041    -1.776506   -.0372096
       p3_12 |    .519971   .3008905     1.73   0.084    -.0697636    1.109706
       p4_12 |  -.3394967   .2821314    -1.20   0.229    -.8924641    .2134707
       p5_12 |  -1.158496   .8032025    -1.44   0.149    -2.732744    .4157523
       p6_12 |   .4649335   .3024837     1.54   0.124    -.1279237    1.057791
       p7_12 |   .3135454   .3666997     0.86   0.393    -.4051728    1.032264
       p8_12 |     .15229   .1464921     1.04   0.299    -.1348291    .4394092
       p9_12 |   .2718351   .3168734     0.86   0.391    -.3492252    .8928955
      p10_12 |  -1.527843   .5452581    -2.80   0.005    -2.596529   -.4591563
      p11_12 |   .2685972   .1144571     2.35   0.019    .04426537    .4929291
      p12_12 |   1.812919   .8325593     2.18   0.029     .1811323    3.444705
      p13_12 |  -.0038753   .1728703    -0.02   0.982    -.3426948    .3349441
      p14_12 |   .5754477   .4029057     1.43   0.153     -.214233    1.365128
        M_12 |   1.134678    .035083    32.34   0.000     1.065916    1.203439
npersonas_12 |  .04872573   .0179641     2.71   0.007    .01351675   .08393472
     edad_12 |  .00346281   .0013543     2.56   0.011    .00080843   .00611718
      Sex_12 |  .06723563  .04186748     1.61   0.108    -.0148231    .1492944
prim_comp_12 |  -.1630466  .07029602    -2.32   0.020    -.3008242   -.0252689
 sec_comp_12 |  -.2896527  .08078163    -3.59   0.000    -.4479818   -.1313236
 sup_comp_12 |  -.6619773  .09343215    -7.09   0.000     -.845101   -.4788537
  log_ing_12 |  -.1543569  .02360064    -6.54   0.000    -.2006133   -.1081005
     cons_12 |  -9.005779   3.421457    -2.63   0.008    -15.71171   -2.299846
       p1_13 |   .1294692    .167418     0.77   0.439    -.1986641    .4576025
       p2_13 |  -.4293784   .3614439    -1.19   0.235    -1.137796    .2790387
       p3_13 |  .07302542   .2356955     0.31   0.757    -.3889292      .53498
       p4_13 |  -.5899779   .2167159    -2.72   0.006    -1.014733   -.1652226
       p5_13 |  -.3310991   .6124584    -0.54   0.589    -1.531496    .8692973
       p6_13 |  .06254896   .2395769     0.26   0.794    -.4070131     .532111
       p7_13 |   .1810467   .2941853     0.62   0.538    -.3955459    .7576393
       p8_13 |  -.3357657   .1209051    -2.78   0.005    -.5727353   -.0987961
       p9_13 |   .6585898   .2492432     2.64   0.008      .170082    1.147098
      p10_13 |   .7530656   .4453018     1.69   0.091    -.1197099    1.625841
      p11_13 |   .1220019  .08937903     1.36   0.172    -.0531778    .2971816
      p12_13 |  -.4044697   .6793823    -0.60   0.552    -1.736035    .9270953
      p13_13 |  -.3948105   .1352261    -2.92   0.004    -.6598488   -.1297722
      p14_13 |   .6593875   .3362202     1.96   0.050    .00040804    1.318367
        M_13 |   .6674258  .02717014    24.56   0.000     .6141733    .7206783
npersonas_13 |  -.0648171  .01405281    -4.61   0.000    -.0923601   -.0372741
     edad_13 |  -.0008208  .00116914    -0.70   0.483    -.0031122   .00147072
      Sex_13 |  .08101623  .03536513     2.29   0.022    .01170186    .1503306
prim_comp_13 |  .07148165   .0566333     1.26   0.207    -.0395176    .1824809
 sec_comp_13 |   .0569863  .06599445     0.86   0.388    -.0723605    .1863331
 sup_comp_13 |  .04135716  .07925546     0.52   0.602    -.1139807     .196695
  log_ing_13 |   -.049533  .01802923    -2.75   0.006    -.0848696   -.0141963
     cons_13 |  -6.180604   2.782178    -2.22   0.026    -11.63357   -.7276368
       p1_14 |   .1574701   .1952077     0.81   0.420    -.2251299      .54007
       p2_14 |   .5129663   .4185829     1.23   0.220     -.307441    1.333374
       p3_14 |   .3121706   .2770838     1.13   0.260    -.2309036    .8552448
       p4_14 |  -.0738118    .246518    -0.30   0.765    -.5569783    .4093546
       p5_14 |  -.3900301   .7020498    -0.56   0.579    -1.766022    .9859623
       p6_14 |  -.2174576   .2806878    -0.77   0.438    -.7675956    .3326805
       p7_14 |   .3235288   .3436512     0.94   0.346    -.3500151    .9970727
       p8_14 |  -.3589638   .1409859    -2.55   0.011    -.6352911   -.0826365
       p9_14 |   .4199749   .2905863     1.45   0.148    -.1495638    .9895136
      p10_14 |  -.7747506   .5081454    -1.52   0.127    -1.770697     .221196
      p11_14 |   .1135702   .1036299     1.10   0.273    -.0895406     .316681
      p12_14 |   .6434265   .7976115     0.81   0.420    -.9198632    2.206716
      p13_14 |   .1024923    .153477     0.67   0.504    -.1983171    .4033017
      p14_14 |   .5769364   .3972142     1.45   0.146    -.2015892    1.355462
        M_14 |    .908787  .03241245    28.04   0.000     .8452597    .9723142
npersonas_14 |  .03584808  .01774531     2.02   0.043    .00106791   .07062825
     edad_14 |  -.0034296  .00134629    -2.55   0.011    -.0060683    -.000791
      Sex_14 |   .2166496  .04144342     5.23   0.000     .1354219    .2978772
prim_comp_14 |   .1025543  .06377223     1.61   0.108     -.022437    .2275455
 sec_comp_14 |  -.0011997  .07491367    -0.02   0.987    -.1480278    .1456284
 sup_comp_14 |  -.0428327  .09181385    -0.47   0.641    -.2227845    .1371192
  log_ing_14 |  -.1246718  .02301497    -5.42   0.000    -.1697803   -.0795633
     cons_14 |  -13.75433   3.242085    -4.24   0.000     -20.1087   -7.399958
------------------------------------------------------------------------------

Notes:
- Latent adding-up is relaxed: all alpha coefficients are free; fitted shares are not renormalized.
- Compensated elasticities are a Slutsky transformation; utility-consistent Hicksian demand is not guaranteed.
- Analytical structural and elasticity SEs condition on fitted Probits and evaluation means; use full two-step bootstrap for generated-regressor inference.

Expenditure (income) elasticities, at means
--------------------------------------------
  w1_red        0.682882
  w2_red        0.647509
  w3_red        1.461323
  w4_red        1.598696
  w5_red        0.926689
  w6_red        1.407436
  w7_red        0.018468
  w8_red        0.915683
  w9_red        1.329634
  w10_red       1.265402
  w11_red       2.732654
  w12_red       1.324403
  w13_red       0.846371
  w14_red       1.156454

Uncompensated (Marshallian) price elasticities [row = good, column = price]
---------------------------------------------------------------------------
               w1_red      w2_red      w3_red      w4_red      w5_red      w6_red      w7_red      w8_red      w9_red     w10_red     w11_red     w12_red     w13_red     w14_red
  w1_red      -0.913990    0.884814   -0.205919    0.039466   -0.315420   -0.036093    0.153665   -0.008888   -0.207911    0.138147   -0.044988   -0.293879    0.452915   -0.314836
  w2_red       0.374549   -0.645095   -0.304855   -0.147942    1.241236   -0.202777   -0.360187    0.068884   -0.257961   -0.298931    0.055458   -0.782010    0.321108    0.202651
  w3_red      -0.212956   -1.046603   -0.199956    0.006988   -0.138509    0.592941   -1.078762   -0.083817   -0.285489    0.228683    0.162075    1.633399   -0.622938    0.114456
  w4_red      -0.330841   -0.530778    0.473693   -1.517369   -1.120094   -0.427541   -0.481639   -0.038601    0.352510   -0.109614    0.448588    2.081842    0.253659    0.433793
  w5_red      -0.236391    1.837656   -0.051799    0.394226   -1.664079   -0.007730    1.169118   -0.054065   -0.616608    0.119690   -0.282902   -0.491266    0.163886   -1.335776
  w6_red      -0.064203   -1.379990    1.553167   -1.572749    0.048597   -0.965193   -1.119476   -0.170297   -0.791148    2.578198    0.208732    0.991759   -0.402762   -0.186673
  w7_red       0.072463   -0.881155   -0.496703   -0.172219    2.041161   -0.525633   -2.123069    0.366827   -0.222560   -0.553839    0.088739    1.128521    0.458996    0.304576
  w8_red      -0.146275    0.612198    0.633140    0.111275   -0.430239    0.134682    0.770663   -0.700113   -0.121104   -0.405317    0.051649    2.187271    0.496803   -1.732372
  w9_red      -0.048401   -1.016961   -0.365211    0.035771   -0.063174   -0.468466   -0.235715    0.328772   -0.826075    0.076801   -0.095424    0.772602   -0.461404    0.285207
  w10_red     -0.003432   -0.839120   -0.019761    0.594300   -0.278603    0.723096   -0.384728   -0.173428    0.304735   -0.466168    0.078420   -1.366415   -0.035037    1.019545
  w11_red     -0.153820    0.099311    0.347976    0.976397   -1.187982   -0.241671   -0.124740    0.036019   -0.607783    1.628127   -2.370586   -1.579342   -0.494630    1.189075
  w12_red     -0.158076   -0.706469    0.406686    0.069357   -0.237720    0.120554    0.262379   -0.058158    0.288189   -0.553275   -0.053418   -0.471871   -0.426245    0.149999
  w13_red      0.483071    0.403099   -0.327781   -0.445747   -0.020382   -0.072188    0.433059   -0.139860    0.347736    0.561724   -0.037486   -1.054162   -0.756442    0.390485
  w14_red     -0.401286    0.122020   -0.125382   -0.165701   -1.677087    0.068125    0.006332   -0.151071    0.501559    0.970949    0.232848    0.138258   -0.254602   -1.279662

Compensated (Slutsky transformation) price elasticities [row = good, column = price]
------------------------------------------------------------------------------------
               w1_red      w2_red      w3_red      w4_red      w5_red      w6_red      w7_red      w8_red      w9_red     w10_red     w11_red     w12_red     w13_red     w14_red
  w1_red      -0.869563    1.016815   -0.172020    0.051185   -0.242373   -0.032603    0.189900    0.005002   -0.171164    0.181766   -0.041716   -0.151040    0.505615   -0.258751
  w2_red       0.416674   -0.519931   -0.272712   -0.136831    1.310499   -0.199468   -0.325829    0.082054   -0.223118   -0.257572    0.058561   -0.646570    0.371079    0.255831
  w3_red      -0.117887   -0.764128   -0.127414    0.032065    0.017806    0.600409   -1.001221   -0.054094   -0.206853    0.322025    0.169077    1.939066   -0.510164    0.234475
  w4_red      -0.226835   -0.221749    0.553054   -1.489935   -0.949083   -0.419371   -0.396809   -0.006085    0.438539   -0.007498    0.456248    2.416243    0.377035    0.565094
  w5_red      -0.176104    2.016786   -0.005797    0.410128   -1.564952   -0.002995    1.218290   -0.035217   -0.566741    0.178881   -0.278461   -0.297430    0.235402   -1.259667
  w6_red       0.027360   -1.107932    1.623034   -1.548597    0.199149   -0.958001   -1.044794   -0.141671   -0.715412    2.668097    0.215477    1.286154   -0.294146   -0.071080
  w7_red       0.073665   -0.877585   -0.495786   -0.171903    2.043136   -0.525538   -2.122089    0.367202   -0.221566   -0.552659    0.088827    1.132384    0.460421    0.306093
  w8_red      -0.086704    0.789200    0.678595    0.126988   -0.332290    0.139361    0.819251   -0.681488   -0.071829   -0.346828    0.056037    2.378806    0.567469   -1.657167
  w9_red       0.038101   -0.759942   -0.299206    0.058588    0.079055   -0.461671   -0.165162    0.355816   -0.754526    0.161731   -0.089053    1.050723   -0.358792    0.394410
  w10_red      0.078891   -0.594517    0.043055    0.616015   -0.143244    0.729562   -0.317583   -0.147691    0.372829   -0.385341    0.084484   -1.101730    0.062618    1.123473
  w11_red      0.023958    0.627534    0.483628    1.023290   -0.895673   -0.227706    0.020260    0.091600   -0.460735    1.802673   -2.357491   -1.007749   -0.283743    1.413507
  w12_red     -0.071914   -0.450461    0.472431    0.092084   -0.096050    0.127322    0.332655   -0.031220    0.359457   -0.468680   -0.047072   -0.194844   -0.324037    0.258772
  w13_red      0.538133    0.566703   -0.285766   -0.431223    0.070153   -0.067863    0.477969   -0.122645    0.393280    0.615785   -0.033430   -0.877125   -0.691125    0.459997
  w14_red     -0.326051    0.345563   -0.067974   -0.145856   -1.553383    0.074034    0.067696   -0.127549    0.563790    1.044817    0.238390    0.380155   -0.165355   -1.184683
